,Series ID	Region Name	Region Code	1990	1991	1992	1993	1994	1995	1996	1997	1998	1999	2000	2001	2002	2003	2004	2005	2006	2007	2008	2009	2010	2011	2012	2013	2014	2015	2016	2017	2018	2019
BPPRIV037001	Alamance County, NC	37001	370.0	448.0	651.0	547.0	685.0	676.0	1067.0	1226.0	1633.0	888.0	945.0	950.0	1411.0	1163.0	1366.0	1484.0	1988.0	1441.0	760.0	561.0	847.0	556.0	358.0	561.0	606.0	1032	1353	1223.0	1419.0	1407.0
BPPRIV037003	Alexander County, NC	37003	96.0	103.0	115.0	111.0	106.0	102.0	136.0	146.0	146.0	169.0	166.0	164.0	164.0	167.0	189.0	157.0	179.0	296.0	192.0	133.0	47.0	49.0	74.0	52.0	53.0	65	43	87.0	97.0	93.0
BPPRIV037005	Alleghany County, NC	37005	81.0	68.0	81.0	75.0	89.0	111.0	92.0	138.0	131.0	146.0	151.0	95.0	95.0	82.0	107.0	113.0	144.0	122.0	80.0	46.0	39.0	34.0	20.0	35.0	17.0	17	29	18.0	39.0	49.0
BPPRIV037007	Anson County, NC	37007	31.0	44.0	43.0	35.0	28.0	33.0	38.0	42.0	46.0	39.0	31.0	48.0	77.0	39.0	72.0	60.0	54.0	56.0	40.0	27.0	31.0	21.0	28.0	34.0	33.0	36	41	43.0	45.0	47.0
BPPRIV037009	Ashe County, NC	37009	162.0	213.0	189.0	184.0	173.0	183.0	167.0	232.0	247.0	276.0	239.0	276.0	291.0	282.0	291.0	340.0	351.0	381.0	203.0	104.0	90.0	70.0	86.0	88.0	75.0	77	84	95.0	94.0	115.0
BPPRIV037011	Avery County, NC	37011	212.0	132.0	164.0	128.0	134.0	128.0	113.0	136.0	125.0	180.0	148.0	180.0	161.0	187.0	267.0	288.0	369.0	200.0	119.0	77.0	50.0	55.0	84.0	73.0	44.0	47	90	92.0	118.0	131.0
BPPRIV037013	Beaufort County, NC	37013	158.0	131.0	192.0	110.0	140.0	190.0	201.0	204.0	319.0	297.0	190.0	214.0	221.0	214.0	255.0	316.0	218.0	240.0	175.0	171.0	211.0	308.0	381.0	165.0	170.0	148	216	179.0	140.0	162.0
BPPRIV037015	Bertie County, NC	37015	50.0	58.0	154.0	175.0	154.0	36.0	28.0	23.0	33.0	24.0	28.0	36.0	77.0	43.0	63.0	36.0	23.0	41.0	37.0	19.0	24.0	29.0	21.0	14.0	20.0	18	25	12.0	11.0	19.0
BPPRIV037017	Bladen County, NC	37017	81.0	57.0	125.0	48.0	97.0	78.0	80.0	80.0	77.0	66.0	63.0	86.0	127.0	90.0	118.0	88.0	114.0	86.0	61.0	40.0	38.0	49.0	43.0	61.0	80.0	42	41	41.0	31.0	52.0
BPPRIV037019	Brunswick County, NC	37019	667.0	606.0	766.0	766.0	903.0	963.0	1122.0	1384.0	1532.0	1533.0	1449.0	2104.0	2642.0	2870.0	3829.0	4710.0	4418.0	3431.0	2103.0	1223.0	1079.0	914.0	1249.0	1765.0	1973.0	2325	2428	3342.0	2926.0	3352.0
BPPRIV037021	Buncombe County, NC	37021	816.0	986.0	1280.0	1023.0	1188.0	1014.0	1479.0	1346.0	1405.0	1245.0	1327.0	2151.0	2158.0	1737.0	2073.0	2549.0	2249.0	1877.0	1675.0	909.0	1588.0	545.0	652.0	892.0	1312.0	1353	2422	1900.0	1667.0	2096.0
BPPRIV037023	Burke County, NC	37023	253.0	235.0	283.0	310.0	353.0	297.0	277.0	312.0	333.0	321.0	302.0	304.0	291.0	260.0	243.0	266.0	315.0	322.0	172.0	142.0	113.0	84.0	71.0	104.0	94.0	224	184	187.0	285.0	290.0
BPPRIV037025	Cabarrus County, NC	37025	928.0	860.0	778.0	928.0	1285.0	1311.0	1917.0	1793.0	1771.0	2877.0	1724.0	2039.0	1965.0	1909.0	2153.0	2659.0	2701.0	2152.0	1367.0	1078.0	671.0	710.0	1244.0	1442.0	1554.0	1763	1918	1657.0	2021.0	2714.0
BPPRIV037027	Caldwell County, NC	37027	336.0	297.0	328.0	391.0	307.0	326.0	385.0	316.0	346.0	444.0	442.0	403.0	414.0	340.0	394.0	362.0	319.0	314.0	203.0	124.0	132.0	118.0	64.0	84.0	164.0	168	93	108.0	212.0	73.0
BPPRIV037029	Camden County, NC	37029	56.0	48.0	46.0	58.0	48.0	59.0	86.0	79.0	81.0	77.0	63.0	79.0	158.0	188.0	132.0	141.0	113.0	91.0	161.0	18.0	16.0	15.0	16.0	42.0	20.0	20	36	52.0	81.0	83.0
BPPRIV037031	Carteret County, NC	37031	385.0	352.0	542.0	573.0	760.0	720.0	666.0	662.0	601.0	681.0	459.0	560.0	650.0	614.0	744.0	1035.0	757.0	453.0	297.0	171.0	216.0	607.0	277.0	258.0	230.0	345	329	631.0	378.0	493.0
BPPRIV037033	Caswell County, NC	37033	65.0	53.0	43.0	61.0	63.0	32.0	43.0	50.0	73.0	78.0	89.0	101.0	100.0	83.0	104.0	80.0	79.0	30.0	67.0	31.0	40.0	29.0	43.0	51.0	23.0	56	43	38.0	58.0	21.0
BPPRIV037035	Catawba County, NC	37035	734.0	674.0	707.0	786.0	781.0	794.0	1240.0	1097.0	1484.0	1225.0	1280.0	1561.0	1006.0	852.0	1059.0	841.0	740.0	736.0	359.0	202.0	156.0	129.0	126.0	188.0	283.0	348	335	498.0	742.0	852.0
BPPRIV037037	Chatham County, NC	37037	142.0	228.0	288.0	392.0	462.0	414.0	438.0	688.0	527.0	512.0	418.0	513.0	556.0	769.0	663.0	709.0	606.0	614.0	362.0	231.0	263.0	329.0	365.0	493.0	587.0	596	707	748.0	710.0	902.0
BPPRIV037039	Cherokee County, NC	37039	5.0	0.0	182.0	0.0	215.0	267.0	287.0	260.0	271.0	253.0	271.0	275.0	357.0	413.0	485.0	531.0	540.0	311.0	160.0	100.0	108.0	87.0	101.0	88.0	94.0	132	184	164.0	198.0	190.0
BPPRIV037041	Chowan County, NC	37041	45.0	37.0	45.0	49.0	51.0	50.0	13.0	34.0	27.0	50.0	42.0	43.0	58.0	39.0	77.0	225.0	105.0	68.0	43.0	24.0	29.0	11.0	10.0	12.0	17.0	10	19	21.0	20.0	19.0
BPPRIV037043	Clay County, NC	37043	64.0	61.0	103.0	113.0	102.0	94.0	103.0	127.0	148.0	161.0	151.0	129.0	165.0	179.0	192.0	242.0	276.0	130.0	86.0	44.0	41.0	40.0	32.0	44.0	43.0	39	0	45.0	73.0	65.0
BPPRIV037045	Cleveland County, NC	37045	507.0	414.0	474.0	399.0	439.0	406.0	416.0	424.0	547.0	408.0	370.0	349.0	530.0	402.0	472.0	492.0	321.0	292.0	180.0	212.0	92.0	137.0	105.0	102.0	128.0	60	122	174.0	169.0	163.0
BPPRIV037047	Columbus County, NC	37047	133.0	160.0	110.0	96.0	127.0	93.0	48.0	86.0	82.0	101.0	99.0	125.0	122.0	112.0	104.0	97.0	100.0	162.0	65.0	30.0	28.0	78.0	122.0	71.0	35.0	31	35	89.0	47.0	53.0
BPPRIV037049	Craven County, NC	37049	417.0	414.0	502.0	497.0	568.0	620.0	717.0	1018.0	827.0	556.0	490.0	630.0	670.0	765.0	1032.0	1285.0	1057.0	644.0	512.0	446.0	434.0	338.0	296.0	293.0	254.0	354	224	257.0	330.0	466.0
BPPRIV037051	Cumberland County, NC	37051	1218.0	1830.0	2958.0	3550.0	2185.0	1905.0	1633.0	1508.0	2142.0	1023.0	1544.0	1296.0	2369.0	1744.0	3005.0	3665.0	3429.0	2110.0	1798.0	2196.0	3054.0	2401.0	2530.0	1336.0	870.0	1112	717	716.0	575.0	962.0
BPPRIV037053	Currituck County, NC	37053	190.0	206.0	298.0	312.0	396.0	351.0	351.0	462.0	391.0	343.0	340.0	408.0	514.0	560.0	574.0	485.0	308.0	202.0	135.0	112.0	138.0	137.0	205.0	232.0	241.0	288	255	327.0	425.0	448.0
BPPRIV037055	Dare County, NC	37055	377.0	396.0	470.0	533.0	586.0	554.0	567.0	585.0	691.0	818.0	920.0	997.0	1139.0	866.0	858.0	726.0	470.0	445.0	223.0	124.0	137.0	151.0	221.0	201.0	234.0	268	325	306.0	337.0	359.0
BPPRIV037057	Davidson County, NC	37057	812.0	884.0	959.0	814.0	854.0	815.0	828.0	829.0	923.0	925.0	893.0	1001.0	895.0	667.0	864.0	1104.0	1103.0	905.0	517.0	274.0	266.0	222.0	228.0	399.0	290.0	389	1061	698.0	585.0	688.0
BPPRIV037059	Davie County, NC	37059	129.0	113.0	138.0	144.0	212.0	276.0	268.0	280.0	269.0	321.0	328.0	325.0	300.0	329.0	395.0	449.0	375.0	257.0	190.0	55.0	66.0	41.0	43.0	57.0	82.0	193	125	227.0	443.0	236.0
BPPRIV037061	Duplin County, NC	37061	92.0	83.0	106.0	109.0	118.0	105.0	129.0	125.0	144.0	114.0	167.0	104.0	174.0	118.0	149.0	142.0	119.0	118.0	86.0	52.0	77.0	51.0	65.0	54.0	48.0	36	49	49.0	52.0	47.0
BPPRIV037063	Durham County, NC	37063	1686.0	1114.0	1441.0	1229.0	2154.0	2185.0	2083.0	3217.0	2745.0	3328.0	2863.0	3644.0	2836.0	2919.0	2919.0	2431.0	3022.0	2035.0	1401.0	1608.0	1230.0	1283.0	2666.0	3823.0	1591.0	3060	3097	3084.0	3359.0	3945.0
BPPRIV037065	Edgecombe County, NC	37065	109.0	42.0	71.0	51.0	56.0	36.0	54.0	33.0	56.0	65.0	95.0	194.0	152.0	77.0	95.0	74.0	45.0	183.0	39.0	35.0	37.0	27.0	18.0	85.0	31.0	32	90	42.0	39.0	32.0
BPPRIV037067	Forsyth County, NC	37067	1309.0	1258.0	1512.0	2003.0	1876.0	2183.0	1643.0	1790.0	2867.0	2605.0	2875.0	2263.0	2931.0	2752.0	3235.0	3138.0	3012.0	2951.0	1677.0	973.0	1033.0	1288.0	1136.0	1353.0	1542.0	1383	1451	2765.0	2345.0	2255.0
BPPRIV037069	Franklin County, NC	37069	233.0	224.0	240.0	269.0	284.0	287.0	320.0	341.0	347.0	417.0	374.0	530.0	416.0	435.0	488.0	539.0	580.0	544.0	253.0	141.0	158.0	126.0	182.0	254.0	242.0	353	457	590.0	736.0	918.0
BPPRIV037071	Gaston County, NC	37071	1013.0	900.0	789.0	897.0	840.0	931.0	779.0	1431.0	1121.0	1316.0	1213.0	1139.0	1137.0	1317.0	1310.0	1427.0	1437.0	1459.0	839.0	667.0	456.0	624.0	442.0	471.0	687.0	1361	1104	1136.0	1230.0	1396.0
BPPRIV037073	Gates County, NC	37073		21.0	31.0	22.0	26.0	24.0	21.0	22.0	21.0	27.0	18.0	16.0	21.0	18.0	29.0	42.0	89.0	74.0	58.0	39.0	34.0	28.0	21.0	25.0	20.0	24	36	100.0	46.0	31.0
BPPRIV037075	Graham County, NC	37075	0.0	62.0	87.0	88.0	78.0	44.0	41.0	58.0	58.0	66.0	58.0	86.0	54.0	56.0	75.0	95.0	71.0	69.0	53.0	31.0	29.0	14.0	21.0	16.0	20.0	20	24	23.0	15.0	2.0
BPPRIV037077	Granville County, NC	37077	102.0	171.0	130.0	200.0	203.0	210.0	235.0	360.0	358.0	466.0	414.0	560.0	368.0	447.0	652.0	665.0	562.0	534.0	342.0	210.0	202.0	142.0	167.0	214.0	224.0	259	350	282.0	253.0	341.0
BPPRIV037079	Greene County, NC	37079	30.0	90.0	38.0	52.0	53.0	42.0	27.0	27.0	34.0	150.0	31.0	34.0	43.0	27.0	10.0	29.0	29.0	35.0	27.0	23.0	9.0	9.0	11.0	34.0	70.0	53	14	22.0	26.0	25.0
BPPRIV037081	Guilford County, NC	37081	2162.0	2233.0	2683.0	3363.0	3356.0	3921.0	4451.0	4460.0	4480.0	4481.0	3529.0	5166.0	4653.0	3677.0	4978.0	4995.0	5317.0	3942.0	2729.0	1616.0	1480.0	1681.0	1479.0	1752.0	2339.0	1814	2204	2411.0	1662.0	1956.0
BPPRIV037083	Halifax County, NC	37083	206.0	116.0	200.0	141.0	173.0	81.0	100.0	90.0	121.0	95.0	94.0	101.0	127.0	98.0	181.0	90.0	188.0	144.0	115.0	72.0	124.0	48.0	46.0	87.0	54.0	47	39	102.0	124.0	51.0
BPPRIV037085	Harnett County, NC	37085	356.0	272.0	399.0	537.0	612.0	744.0	787.0	672.0	765.0	825.0	692.0	717.0	757.0	987.0	993.0	1190.0	1383.0	1198.0	891.0	742.0	837.0	824.0	770.0	813.0	612.0	747	678	650.0	597.0	639.0
BPPRIV037087	Haywood County, NC	37087	262.0	289.0	297.0	295.0	311.0	360.0	379.0	376.0	403.0	457.0	393.0	485.0	480.0	468.0	454.0	512.0	764.0	354.0	366.0	178.0	172.0	152.0	95.0	119.0	122.0	119	147	184.0	201.0	434.0
BPPRIV037089	Henderson County, NC	37089	504.0	523.0	601.0	707.0	720.0	624.0	917.0	724.0	775.0	917.0	720.0	971.0	1011.0	911.0	1066.0	1035.0	1075.0	1248.0	444.0	311.0	226.0	254.0	462.0	444.0	339.0	616	555	596.0	834.0	619.0
BPPRIV037091	Hertford County, NC	37091	113.0	73.0	45.0	37.0	47.0	39.0	60.0	44.0	50.0	58.0	31.0	26.0	63.0	63.0	24.0	45.0	54.0	74.0	52.0	50.0	19.0	2.0	20.0	5.0	20.0	75	20	8.0	0.0	2.0
BPPRIV037093	Hoke County, NC	37093	58.0	75.0	201.0	249.0	274.0	235.0	275.0	408.0	406.0	302.0	261.0	318.0	467.0	523.0	523.0	660.0	686.0	554.0	508.0	468.0	555.0	406.0	510.0	554.0	219.0	274	236	219.0	244.0	238.0
BPPRIV037095	Hyde County, NC	37095	29.0	45.0	29.0	31.0	46.0	26.0	18.0	20.0	41.0	10.0	20.0	17.0	20.0	22.0	24.0	35.0	63.0	29.0	15.0	22.0	9.0	10.0	21.0	11.0	8.0	6	15	15.0	11.0	5.0
BPPRIV037097	Iredell County, NC	37097	629.0	672.0	693.0	858.0	968.0	1160.0	1711.0	1291.0	1955.0	2111.0	1830.0	1829.0	1968.0	2049.0	2387.0	2546.0	2276.0	3279.0	1658.0	565.0	353.0	307.0	464.0	853.0	798.0	1356	1348	1816.0	1991.0	1263.0
BPPRIV037099	Jackson County, NC	37099	233.0	194.0	260.0	247.0	275.0	294.0	330.0	376.0	447.0	434.0	745.0	444.0	976.0	559.0	678.0	769.0	819.0	484.0	302.0	253.0	155.0	150.0	125.0	467.0	211.0	191	168	230.0	421.0	749.0
BPPRIV037101	Johnston County, NC	37101	698.0	795.0	965.0	929.0	1011.0	1160.0	1195.0	1518.0	1883.0	2148.0	1635.0	1814.0	1696.0	1594.0	1545.0	1956.0	2045.0	1867.0	1085.0	636.0	641.0	588.0	826.0	1151.0	1280.0	1545	2007	2255.0	2550.0	2651.0
BPPRIV037103	Jones County, NC	37103	76.0	24.0	19.0	30.0	18.0	3.0	6.0	0.0	5.0	20.0	5.0	6.0	4.0	0.0	7.0	25.0	44.0	63.0	56.0	31.0	51.0	25.0	18.0	12.0	10.0	15	16	19.0	22.0	22.0
BPPRIV037105	Lee County, NC	37105	139.0	161.0	366.0	204.0	300.0	298.0	202.0	360.0	348.0	408.0	231.0	244.0	374.0	339.0	402.0	557.0	552.0	307.0	179.0	109.0	114.0	104.0	76.0	72.0	71.0	81	98	188.0	158.0	185.0
BPPRIV037107	Lenoir County, NC	37107	157.0	106.0	135.0	170.0	197.0	160.0	153.0	162.0	218.0	163.0	242.0	160.0	148.0	121.0	121.0	77.0	84.0	87.0	60.0	40.0	32.0	90.0	37.0	45.0	54.0	38	112	29.0	93.0	90.0
BPPRIV037109	Lincoln County, NC	37109	300.0	321.0	371.0	381.0	411.0	395.0	406.0	430.0	523.0	894.0	833.0	835.0	673.0	634.0	708.0	734.0	801.0	816.0	356.0	171.0	133.0	147.0	185.0	312.0	374.0	444	816	1063.0	792.0	725.0
BPPRIV037113	Macon County, NC	37113	245.0	269.0	284.0	309.0	382.0	331.0	385.0	367.0	387.0	410.0	359.0	390.0	323.0	332.0	390.0	363.0	342.0	378.0	253.0	146.0	77.0	77.0	82.0	75.0	107.0	85	91	93.0	95.0	5.0
BPPRIV037115	Madison County, NC	37115	127.0	88.0	64.0	96.0	72.0	78.0	125.0	136.0	132.0	126.0	143.0	134.0	119.0	153.0	161.0	143.0	222.0	169.0	87.0	67.0	52.0	50.0	61.0	69.0	59.0	73	79	91.0	103.0	105.0
BPPRIV037117	Martin County, NC	37117	49.0	64.0	48.0	52.0	59.0	50.0	59.0	46.0	41.0	42.0	50.0	54.0	52.0	28.0	36.0	31.0	29.0	35.0	37.0	25.0	22.0	0.0	0.0	0.0	0.0	0	0	19.0	22.0	0.0
BPPRIV037111	McDowell County, NC	37111	124.0	115.0	131.0	136.0	100.0	107.0	180.0	184.0	173.0	143.0	132.0	134.0	175.0	197.0	271.0	246.0	250.0	295.0	185.0	107.0	115.0	111.0	98.0	110.0	106.0	142	81	112.0	122.0	127.0
BPPRIV037119	Mecklenburg County, NC	37119	6093.0	4287.0	5108.0	6030.0	8240.0	7706.0	10443.0	10318.0	11993.0	14014.0	13960.0	12637.0	10606.0	9854.0	11906.0	10828.0	13676.0	11417.0	6850.0	3044.0	2672.0	3094.0	8012.0	8558.0	9340.0	9056	9759	11216.0	14049.0	12429.0
BPPRIV037121	Mitchell County, NC	37121	64.0	43.0	54.0	61.0	86.0	47.0	100.0	61.0	59.0	66.0	70.0	48.0	59.0	62.0	61.0	68.0	54.0	85.0	62.0	57.0	49.0	32.0	30.0	25.0	32.0	23	29	28.0	40.0	25.0
BPPRIV037123	Montgomery County, NC	37123	70.0	106.0	103.0	76.0	66.0	90.0	111.0	122.0	109.0	131.0	102.0	121.0	99.0	92.0	94.0	108.0	117.0	88.0	67.0	45.0	40.0	108.0	112.0	133.0	41.0	28	4	54.0	72.0	78.0
BPPRIV037125	Moore County, NC	37125	485.0	377.0	632.0	625.0	735.0	679.0	741.0	708.0	940.0	909.0	672.0	637.0	665.0	869.0	857.0	1075.0	1031.0	832.0	440.0	334.0	366.0	396.0	426.0	540.0	608.0	562	731	720.0	762.0	836.0
BPPRIV037127	Nash County, NC	37127	483.0	433.0	445.0	469.0	637.0	442.0	410.0	689.0	583.0	725.0	695.0	613.0	760.0	685.0	660.0	692.0	657.0	662.0	328.0	236.0	175.0	165.0	127.0	165.0	185.0	231	226	173.0	196.0	200.0
BPPRIV037129	New Hanover County, NC	37129	1406.0	1290.0	1837.0	2008.0	2818.0	3002.0	2686.0	4161.0	2716.0	2307.0	1860.0	2459.0	2432.0	2904.0	3594.0	3401.0	2011.0	2177.0	1219.0	427.0	568.0	724.0	1593.0	1893.0	1749.0	1812	2383	2258.0	1918.0	3006.0
BPPRIV037131	Northampton County, NC	37131	52.0	44.0	87.0	39.0	30.0	35.0	55.0	42.0	72.0	56.0	45.0	62.0	58.0	30.0	53.0	177.0	71.0	31.0	18.0	14.0	22.0	16.0	11.0	18.0	17.0	25	15	38.0	23.0	20.0
BPPRIV037133	Onslow County, NC	37133	532.0	481.0	611.0	683.0	784.0	676.0	832.0	826.0	948.0	970.0	915.0	1167.0	1042.0	1048.0	1860.0	1818.0	2045.0	1636.0	1236.0	2136.0	2375.0	2031.0	2260.0	1658.0	1081.0	894	803	1005.0	1036.0	1331.0
BPPRIV037135	Orange County, NC	37135	523.0	559.0	656.0	744.0	1036.0	818.0	950.0	1005.0	1383.0	1540.0	1070.0	1432.0	1088.0	1169.0	1118.0	1018.0	522.0	430.0	612.0	722.0	352.0	260.0	232.0	331.0	304.0	691	496	1002.0	1242.0	495.0
BPPRIV037137	Pamlico County, NC	37137	56.0	99.0	62.0	56.0	100.0	128.0	81.0	74.0	67.0	87.0	56.0	51.0	51.0	71.0	108.0	107.0	118.0	97.0	71.0	51.0	48.0	36.0	44.0	51.0	0.0	66	52	19.0	37.0	64.0
BPPRIV037139	Pasquotank County, NC	37139	148.0	215.0	206.0	192.0	218.0	177.0	204.0	229.0	167.0	128.0	108.0	144.0	213.0	219.0	429.0	548.0	312.0	116.0	297.0	152.0	45.0	54.0	68.0	68.0	63.0	86	106	118.0	136.0	144.0
BPPRIV037141	Pender County, NC	37141	207.0	227.0	219.0	459.0	322.0	286.0	330.0	385.0	312.0	353.0	348.0	330.0	423.0	681.0	909.0	1095.0	678.0	621.0	340.0	163.0	183.0	193.0	221.0	399.0	459.0	546	564	504.0	532.0	569.0
BPPRIV037143	Perquimans County, NC	37143	50.0	32.0	39.0	73.0	61.0	69.0	72.0	75.0	63.0	66.0	63.0	66.0	91.0	65.0	132.0	161.0	159.0	125.0	58.0	54.0	53.0	38.0	28.0	38.0	26.0	26	31	34.0	38.0	41.0
BPPRIV037145	Person County, NC	37145	146.0	139.0	111.0	182.0	176.0	174.0	177.0	183.0	157.0	189.0	180.0	187.0	216.0	246.0	277.0	235.0	223.0	175.0	123.0	96.0	68.0	52.0	51.0	47.0	105.0	64	82	90.0	105.0	112.0
BPPRIV037147	Pitt County, NC	37147	1161.0	934.0	1409.0	1746.0	1853.0	1558.0	1019.0	1413.0	1372.0	1189.0	1766.0	1838.0	1837.0	1709.0	2191.0	2548.0	2291.0	2513.0	1247.0	562.0	669.0	336.0	770.0	558.0	905.0	538	861	1137.0	1150.0	1030.0
BPPRIV037149	Polk County, NC	37149	110.0	107.0	111.0	136.0	98.0	137.0	136.0	113.0	128.0	156.0	121.0	192.0	162.0	197.0	155.0	165.0	191.0	176.0	90.0	51.0	39.0	41.0	43.0	47.0	67.0	61	74	93.0	79.0	84.0
BPPRIV037151	Randolph County, NC	37151	471.0	603.0	561.0	555.0	631.0	685.0	796.0	843.0	762.0	873.0	915.0	782.0	703.0	715.0	702.0	855.0	689.0	613.0	387.0	339.0	318.0	261.0	264.0	168.0	184.0	211	310	328.0	354.0	302.0
BPPRIV037153	Richmond County, NC	37153	132.0	149.0	198.0	239.0	253.0	240.0	295.0	305.0	303.0	321.0	274.0	286.0	258.0	305.0	331.0	392.0	297.0	304.0	185.0	125.0	115.0	118.0	137.0	157.0	197.0	188	205	231.0	230.0	249.0
BPPRIV037155	Robeson County, NC	37155	162.0	174.0	199.0	274.0	230.0	240.0	288.0	192.0	268.0	315.0	413.0	262.0	319.0	306.0	328.0	391.0	311.0	243.0	157.0	108.0	206.0	105.0	120.0	102.0	140.0	105	85	123.0	106.0	426.0
BPPRIV037157	Rockingham County, NC	37157	299.0	339.0	345.0	250.0	363.0	244.0	310.0	280.0	407.0	374.0	342.0	445.0	312.0	424.0	459.0	440.0	411.0	411.0	180.0	120.0	105.0	105.0	144.0	112.0	109.0	187	221	316.0	208.0	165.0
BPPRIV037159	Rowan County, NC	37159	439.0	425.0	612.0	457.0	519.0	581.0	590.0	840.0	859.0	817.0	764.0	748.0	816.0	661.0	766.0	870.0	647.0	723.0	560.0	195.0	207.0	106.0	147.0	240.0	288.0	294	320	403.0	541.0	464.0
BPPRIV037161	Rutherford County, NC	37161	243.0	199.0	193.0	288.0	223.0	228.0	267.0	267.0	294.0	346.0	290.0	307.0	336.0	303.0	344.0	437.0	441.0	360.0	239.0	113.0	111.0	93.0	106.0	148.0	139.0	110	122	133.0	150.0	145.0
BPPRIV037163	Sampson County, NC	37163	144.0	114.0	223.0	126.0	223.0	122.0	126.0	128.0	171.0	146.0	134.0	157.0	159.0	137.0	176.0	224.0	173.0	137.0	74.0	114.0	93.0	70.0	88.0	73.0	65.0	76	73	151.0	120.0	140.0
BPPRIV037165	Scotland County, NC	37165	83.0	74.0	135.0	93.0	96.0	84.0	127.0	136.0	144.0	159.0	144.0	115.0	96.0	65.0	78.0	69.0	57.0	84.0	36.0	19.0	80.0	19.0	56.0	9.0	32.0	29	9	15.0	20.0	24.0
BPPRIV037167	Stanly County, NC	37167	198.0	180.0	223.0	249.0	228.0	217.0	192.0	256.0	243.0	278.0	287.0	348.0	377.0	416.0	476.0	516.0	461.0	357.0	257.0	153.0	130.0	98.0	126.0	103.0	92.0	92	199	263.0	272.0	385.0
BPPRIV037169	Stokes County, NC	37169	145.0	167.0	203.0	182.0	178.0	183.0	203.0	177.0	232.0	212.0	183.0	156.0	161.0	182.0	192.0	266.0	199.0	177.0	138.0	77.0	40.0	50.0	67.0	54.0	135.0	75	85	69.0	69.0	97.0
BPPRIV037171	Surry County, NC	37171	187.0	184.0	190.0	302.0	276.0	231.0	194.0	236.0	290.0	216.0	222.0	221.0	226.0	221.0	228.0	188.0	295.0	177.0	186.0	99.0	88.0	83.0	74.0	136.0	73.0	154	154	113.0	159.0	98.0
BPPRIV037173	Swain County, NC	37173	88.0	38.0	64.0	76.0	81.0	71.0	92.0	126.0	115.0	98.0	155.0	116.0	135.0	142.0	148.0	136.0	216.0	122.0	74.0	46.0	46.0	54.0	38.0	41.0	50.0	52	91	56.0	65.0	77.0
BPPRIV037175	Transylvania County, NC	37175	186.0	196.0	188.0	206.0	186.0	191.0	212.0	245.0	321.0	286.0	238.0	255.0	256.0	246.0	241.0	323.0	233.0	236.0	152.0	76.0	160.0	62.0	73.0	99.0	65.0	82	104	112.0	128.0	118.0
BPPRIV037177	Tyrrell County, NC	37177	10.0	6.0	3.0	6.0	7.0	3.0	4.0	7.0	9.0	7.0	9.0	8.0	37.0	8.0	33.0	23.0	11.0	9.0	12.0	7.0	5.0	7.0	14.0	12.0	1.0	1	1	3.0	3.0	4.0
BPPRIV037179	Union County, NC	37179	992.0	902.0	1268.0	1349.0	1306.0	1514.0	1856.0	1775.0	2496.0	2569.0	2457.0	2493.0	2752.0	2929.0	3312.0	3972.0	3965.0	2603.0	998.0	587.0	520.0	692.0	1158.0	1773.0	1425.0	1396	1572	1537.0	1634.0	1623.0
BPPRIV037181	Vance County, NC	37181	43.0	214.0	138.0	240.0	199.0	176.0	122.0	107.0	188.0	129.0	138.0	115.0	126.0	148.0	124.0	118.0	105.0	90.0	80.0	47.0	83.0	36.0	35.0	30.0	26.0	74	35	60.0	44.0	42.0
BPPRIV037183	Wake County, NC	37183	4160.0	4551.0	5822.0	6981.0	10133.0	8909.0	9214.0	10058.0	12171.0	13527.0	12193.0	11438.0	9566.0	10631.0	12371.0	12119.0	15087.0	14203.0	10059.0	4117.0	4414.0	5652.0	11918.0	10026.0	10125.0	10089	11050	11335.0	12664.0	9751.0
BPPRIV037185	Warren County, NC	37185	62.0	105.0	122.0	94.0	91.0	96.0	116.0	60.0	71.0	94.0	89.0	99.0	106.0	118.0	139.0	155.0	149.0	5.0	50.0	34.0	32.0	25.0	36.0	30.0	30.0	48	40	41.0	55.0	57.0
BPPRIV037187	Washington County, NC	37187	22.0	19.0	19.0	22.0	32.0	19.0	22.0	7.0	11.0	31.0	17.0	9.0	9.0	20.0	10.0	19.0	29.0	20.0	29.0	5.0	10.0	12.0	10.0	8.0	8.0	8	8	6.0	5.0	8.0
BPPRIV037189	Watauga County, NC	37189	348.0	364.0	394.0	408.0	372.0	522.0	504.0	533.0	506.0	854.0	573.0	471.0	541.0	823.0	536.0	650.0	622.0	491.0	386.0	230.0	271.0	183.0	320.0	297.0	243.0	397	198	325.0	331.0	488.0
BPPRIV037191	Wayne County, NC	37191	366.0	316.0	463.0	542.0	576.0	539.0	466.0	459.0	378.0	555.0	428.0	421.0	433.0	690.0	540.0	607.0	522.0	469.0	390.0	259.0	279.0	205.0	263.0	277.0	257.0	248	269	280.0	275.0	323.0
BPPRIV037193	Wilkes County, NC	37193	175.0	154.0	192.0	262.0	203.0	214.0	205.0	279.0	319.0	279.0	242.0	191.0	189.0	254.0	289.0	231.0	262.0	202.0	138.0	109.0	89.0	128.0	85.0	160.0	92.0	159	144	120.0	94.0	92.0
BPPRIV037195	Wilson County, NC	37195	292.0	313.0	346.0	466.0	417.0	371.0	338.0	473.0	497.0	469.0	598.0	532.0	419.0	423.0	486.0	442.0	520.0	531.0	189.0	256.0	181.0	87.0	116.0	105.0	182.0	114	117	348.0	234.0	181.0
BPPRIV037197	Yadkin County, NC	37197	106.0	89.0	141.0	120.0	170.0	124.0	147.0	100.0	163.0	182.0	138.0	121.0	157.0	143.0	127.0	141.0	201.0	195.0	73.0	61.0	62.0	33.0	35.0	39.0	36.0	4	5	6.0	57.0	58.0
BPPRIV037199	Yancey County, NC	37199	4.0	71.0	63.0	65.0	95.0	84.0	87.0	87.0	95.0	96.0	87.0	93.0	120.0	129.0	146.0	156.0	139.0	100.0	70.0	48.0	44.0	32.0	35.0	45.0	51.0	50	51	16.0	39.0	68.0
