Series ID	Region Name	Region Code	1970	1971	1972	1973	1974	1975	1976	1977	1978	1979	1980	1981	1982	1983	1984	1985	1986	1987	1988	1989	1990	1991	1992	1993	1994	1995	1996	1997	1998	1999	2000	2001	2002	2003	2004	2005	2006	2007	2008	2009	2010	2011	2012	2013	2014	2015	2016	2017	2018
NCALAM1POP	Alamance County, NC	37001	96.502	98.5	99.7	99.9	99.3	98.2	98.7	98.5	98.5	99.0	99.319	100.083	101.0	101.559	101.706	102.524	103.515	105.072	106.327	107.425	108.695	110.762	112.825	114.678	116.788	118.796	121.263	123.877	126.232	128.743	131.469	133.417	135.276	136.05	137.642	139.306	141.505	144.846	147.921	150.244	151.44	152.696	153.282	154.199	155.425	157.1	160.392	163.529	166.436
NCALEX3POP	Alexander County, NC	37003	19.466	20.3	21.2	22.1	22.7	22.9	23.1	23.6	24.1	24.7	24.999	25.26	25.572	25.865	26.097	26.348	26.557	26.796	27.078	27.423	27.652	28.095	28.453	29.208	29.949	30.496	30.967	31.668	32.492	33.274	33.742	34.046	34.402	34.605	35.245	35.637	36.054	36.412	36.625	36.822	37.235	37.028	36.925	37.016	36.992	36.96	37.142	37.146	37.353
NCALLE5POP	Alleghany County, NC	37005	8.134	8.3	8.7	8.8	9.0	9.0	9.3	9.3	9.4	9.6	9.587	9.664	9.754	9.722	9.699	9.549	9.53	9.55	9.519	9.578	9.622	9.756	9.83	9.87	10.02	10.174	10.241	10.287	10.437	10.567	10.674	10.735	10.727	10.753	10.75	10.733	10.869	10.983	11.04	11.024	11.139	11.017	10.945	10.905	10.895	10.861	10.926	11.023	11.161
NCANSO7POP	Anson County, NC	37007	23.488	23.8	24.1	24.5	24.4	24.7	24.8	24.9	24.9	25.2	25.649	25.427	25.317	25.208	24.997	24.848	24.605	24.336	24.117	23.755	23.498	23.564	23.761	24.483	24.698	24.63	24.977	25.134	25.34	25.288	25.277	25.283	25.243	25.06	25.476	25.468	25.279	25.158	25.143	25.045	26.852	26.508	26.312	25.964	25.974	25.62	25.182	24.878	24.877
NCASHE9POP	Ashe County, NC	37009	19.571	20.0	20.0	20.2	20.5	20.7	20.9	21.3	21.6	21.8	22.325	22.44	22.496	22.605	22.681	22.716	22.394	22.398	22.361	22.317	22.206	22.416	22.511	22.786	23.099	23.339	23.691	23.865	23.989	24.181	24.448	24.592	24.743	24.87	25.12	25.135	25.288	25.53	25.75	25.905	27.228	26.984	26.927	26.849	26.772	26.637	26.611	26.803	27.109
NCAVER1POP	Avery County, NC	37011	12.655	13.2	13.5	13.6	14.1	14.2	14.2	14.2	14.2	14.3	14.409	14.529	14.572	14.644	14.76	14.723	14.687	14.809	14.828	14.868	14.925	15.024	15.162	15.377	15.472	15.665	15.931	16.123	16.255	17.04	17.31	17.694	17.848	17.865	17.922	17.893	18.05	17.905	17.985	17.895	17.765	17.728	17.576	17.614	17.615	17.455	17.423	17.505	17.505
NCBEAU3POP	Beaufort County, NC	37013	35.98	36.3	36.3	36.9	37.2	38.1	38.9	39.4	39.7	40.2	40.355	41.095	41.613	42.025	42.372	42.211	41.975	41.903	42.171	42.179	42.374	42.673	42.945	43.349	43.683	43.888	43.882	44.12	44.423	45.001	44.907	44.934	44.95	45.03	45.098	45.401	45.835	45.818	46.308	46.395	47.807	47.655	47.418	47.372	47.328	47.385	47.37	47.051	47.079
NCBERT5POP	Bertie County, NC	37015	20.528	20.9	20.9	20.7	20.6	20.9	21.0	21.3	21.2	21.0	21.024	21.014	21.048	21.132	21.023	21.001	20.806	20.677	20.522	20.497	20.39	20.459	20.32	20.445	20.419	20.439	20.257	20.129	19.964	19.903	19.703	19.571	19.368	19.225	19.145	18.976	18.664	19.384	19.371	19.262	21.245	20.854	20.491	20.326	20.321	20.167	19.432	19.274	19.026
NCBLAD7POP	Bladen County, NC	37017	26.477	26.9	27.4	28.1	28.7	29.2	29.3	29.7	30.0	30.1	30.491	30.393	30.147	29.845	29.76	29.615	29.393	29.2	29.076	28.941	28.676	28.991	29.311	29.655	30.277	30.665	30.977	31.595	31.969	32.143	32.218	32.409	32.222	32.302	32.57	32.535	32.435	32.348	32.45	32.373	35.192	34.892	34.829	34.642	34.386	34.14	33.704	33.468	33.19
NCBRUN9POP	Brunswick County, NC	37019	24.223	25.8	28.5	31.4	33.3	33.9	34.5	34.4	34.7	35.2	35.777	37.155	38.703	40.523	42.828	44.808	46.78	48.428	49.546	50.169	51.271	52.402	54.173	56.333	58.348	60.627	63.177	66.021	68.618	71.367	73.768	76.162	78.541	80.89	83.664	88.217	94.423	99.714	104.119	106.763	108.065	110.167	112.002	114.92	118.308	122.211	126.302	130.735	136.744
NCBUNC1POP	Buncombe County, NC	37021	145.056	148.0	148.8	150.5	152.4	153.4	153.8	155.8	158.2	159.9	160.934	161.941	163.693	163.81	165.347	167.134	168.425	169.576	171.015	173.134	175.204	178.409	181.71	185.738	189.316	192.997	196.17	198.814	201.675	204.34	207.109	208.522	210.78	213.325	215.864	218.642	222.88	226.638	229.156	231.226	238.737	241.148	243.657	246.823	249.122	251.973	254.988	257.185	259.103
NCBURK0POP	Burke County, NC	37023	60.364	62.7	64.6	66.8	67.8	68.4	68.9	69.2	70.0	71.3	72.504	72.876	73.583	73.189	73.766	74.448	74.588	74.693	75.346	75.586	76.046	76.995	78.455	79.852	81.587	83.235	84.382	86.012	87.35	88.496	89.358	89.377	89.074	88.99	88.687	88.619	88.786	88.912	89.351	89.54	90.575	90.527	89.959	89.345	89.289	89.324	89.438	90.127	90.382
NCCABA5POP	Cabarrus County, NC	37025	74.629	76.6	77.6	78.5	79.5	80.0	80.1	81.3	82.3	84.2	85.895	87.672	89.158	90.052	91.302	92.23	93.099	94.427	95.852	97.38	99.59	101.944	104.351	106.023	108.41	111.484	114.989	118.515	123.005	127.826	132.206	136.166	139.428	142.551	145.003	148.73	155.189	162.759	168.514	172.17	178.535	181.134	184.127	187.036	191.49	196.215	201.47	206.724	211.342
NCCALD0POP	Caldwell County, NC	37027	56.699	57.9	59.3	61.0	62.3	63.0	63.6	64.3	65.4	66.4	67.746	67.994	68.057	67.6	68.656	69.94	69.736	70.094	70.818	70.784	70.846	71.267	71.743	72.472	72.953	73.822	74.599	75.525	75.995	76.663	77.641	78.173	78.542	78.649	78.387	78.76	79.044	79.346	79.874	79.748	83.021	82.44	82.072	82.044	81.665	81.512	81.767	81.92	82.029
NCCAMD9POP	Camden County, NC	37029	5.453	5.5	5.6	5.8	5.7	5.8	5.6	5.6	5.7	5.8	5.829	5.682	5.675	5.714	5.704	5.597	5.572	5.643	5.705	5.803	5.937	6.025	6.146	6.193	6.346	6.366	6.482	6.662	6.764	6.801	6.92	7.077	7.372	7.83	8.326	8.872	9.175	9.403	9.613	9.69	10.009	10.022	10.001	10.115	10.276	10.284	10.402	10.561	10.71
NCCART1POP	Carteret County, NC	37031	31.603	33.0	33.8	35.2	36.2	37.4	38.7	39.6	40.4	41.0	41.092	42.447	43.762	45.496	47.089	48.32	49.663	50.603	51.168	51.591	52.687	53.368	54.434	55.258	55.794	57.035	57.983	58.874	59.224	59.341	59.36	59.649	60.054	60.684	61.607	62.168	63.164	63.213	63.462	64.211	66.698	67.405	67.763	68.384	68.634	68.711	68.811	68.919	69.524
NCCASW3POP	Caswell County, NC	37033	19.055	19.4	19.6	20.1	20.2	20.4	20.5	20.4	20.4	20.4	20.705	20.855	21.416	21.401	21.567	21.577	21.475	21.294	21.071	20.919	20.671	20.841	20.864	21.172	21.436	21.79	21.969	22.778	23.002	23.255	23.513	23.5	23.561	23.526	23.39	23.314	23.377	23.224	23.143	22.884	23.753	23.457	23.045	23.098	22.811	22.822	22.765	22.632	22.698
NCCATA5POP	Catawba County, NC	37035	90.873	93.4	95.4	97.4	98.7	99.1	99.2	100.5	101.8	103.3	105.208	106.575	107.754	109.006	110.421	112.094	113.193	114.652	116.245	117.332	118.945	120.669	122.338	124.28	126.504	129.003	131.957	134.311	137.024	139.522	142.529	145.415	146.292	146.94	148.741	150.727	153.05	155.705	157.665	158.953	154.766	154.484	154.729	155.012	155.139	155.571	156.471	157.811	158.652
NCCHAT7POP	Chatham County, NC	37037	29.554	30.4	30.4	30.5	30.6	31.1	31.6	32.0	32.7	33.4	33.415	33.983	34.43	34.688	35.33	35.811	36.592	36.992	37.587	38.254	39.216	40.107	41.014	41.873	42.766	43.886	45.166	46.339	47.291	48.398	49.815	51.712	54.245	55.612	56.945	57.903	59.85	61.481	63.441	64.649	63.84	64.102	64.531	65.244	66.665	68.256	69.646	71.248	73.139
NCCHER9POP	Cherokee County, NC	37039	16.33	16.7	16.9	16.9	17.1	17.7	18.3	18.4	18.5	18.6	18.933	19.158	19.302	19.314	19.529	19.675	19.665	20.033	20.255	20.181	20.226	20.377	20.531	20.899	21.485	21.98	22.327	22.851	23.427	23.956	24.319	24.48	24.621	24.849	25.148	25.439	26.099	26.46	26.542	26.274	27.431	27.173	27.027	27.119	27.075	27.098	27.805	27.98	28.383
NCCHOW1POP	Chowan County, NC	37041	10.764	10.9	11.0	11.0	11.1	11.4	11.8	12.1	12.6	12.6	12.558	12.564	12.585	12.684	12.899	13.056	13.23	13.406	13.505	13.462	13.54	13.66	13.807	13.894	14.011	14.09	14.324	14.391	14.436	14.558	14.444	14.483	14.573	14.562	14.623	14.694	14.923	15.07	14.982	15.095	14.737	14.806	14.695	14.668	14.504	14.249	14.201	14.04	14.029
NCCLAY3POP	Clay County, NC	37043	5.18	5.3	5.3	5.5	5.5	5.8	5.8	5.9	6.2	6.5	6.619	6.789	6.878	6.923	7.025	7.005	7.168	7.173	7.189	7.134	7.167	7.251	7.292	7.47	7.699	7.889	8.022	8.267	8.499	8.649	8.798	9.038	9.202	9.333	9.46	9.68	9.923	10.149	10.264	10.289	10.607	10.682	10.651	10.595	10.562	10.619	10.743	11.001	11.139
NCCLEV0POP	Cleveland County, NC	37045	72.556	74.7	76.3	77.6	79.0	80.3	80.9	81.2	81.8	82.3	83.435	83.376	83.144	82.675	83.289	84.172	83.658	83.583	83.91	84.43	85.221	86.159	87.395	88.37	89.21	90.738	92.037	93.017	94.224	95.293	96.421	97.072	97.414	97.684	97.643	97.409	97.632	98.295	99.038	99.192	97.919	97.431	97.314	96.874	97.018	96.885	97.017	97.228	97.645
NCCOLU0POP	Columbus County, NC	37047	46.937	48.0	48.5	49.3	49.5	49.9	50.7	50.8	51.0	50.9	51.037	51.226	50.859	50.733	50.78	50.675	50.463	50.724	50.205	50.144	49.559	49.927	50.518	51.172	51.691	52.177	52.905	53.587	54.121	54.522	54.724	54.538	54.462	54.187	54.044	53.8	53.998	54.036	54.289	55.457	57.975	57.683	57.521	57.071	56.878	56.666	56.279	55.987	55.655
NCCRAV5POP	Craven County, NC	37049	62.554	64.5	65.7	68.2	67.6	69.5	71.6	71.4	71.6	70.9	71.043	72.236	73.774	74.848	76.998	79.439	79.809	79.589	80.758	81.098	82.131	83.304	84.429	84.211	84.458	85.998	87.618	89.128	90.041	90.843	91.795	93.185	92.386	92.513	92.935	93.974	95.358	95.508	96.337	98.065	104.176	104.829	105.325	104.302	104.078	102.906	102.76	102.754	102.912
NCCUMB2POP	Cumberland County, NC	37051	212.042	214.3	215.3	221.3	233.2	233.8	238.9	243.2	246.4	244.2	247.16	250.088	251.394	255.05	259.011	261.674	262.034	265.418	264.423	272.114	275.834	279.663	280.941	289.477	291.262	294.091	295.446	299.348	299.506	301.608	303.65	303.476	304.229	301.5	304.671	298.774	301.464	302.333	304.481	308.311	327.195	330.468	329.965	332.984	332.383	331.278	333.3	331.239	332.33
NCCURR3POP	Currituck County, NC	37053	6.976	7.2	8.0	8.8	9.6	10.0	10.2	10.2	10.7	11.3	11.089	11.19	11.537	12.3	12.631	12.545	12.922	13.122	13.326	13.619	13.799	14.176	14.583	15.086	15.654	16.047	16.487	16.942	17.471	17.856	18.295	18.75	19.45	20.502	21.763	22.813	23.419	23.825	24.1	24.16	23.674	23.903	24.022	24.25	24.817	25.112	25.654	26.323	27.072
NCDARE5POP	Dare County, NC	37055	6.995	7.6	7.7	8.4	9.3	9.8	10.4	11.1	11.9	12.7	13.377	14.066	14.593	15.12	15.981	17.027	18.385	19.58	20.956	22.143	22.929	23.092	23.567	24.197	24.963	25.909	26.67	27.721	28.606	29.366	30.177	30.898	32.021	32.871	33.417	33.626	33.829	33.993	34.076	34.261	33.982	34.155	34.383	34.81	34.894	35.432	35.765	36.115	36.501
NCDAVI4POP	Davidson County, NC	37057	95.627	98.5	100.9	102.4	102.9	103.9	105.1	107.0	109.1	111.2	113.162	114.797	116.026	116.905	118.708	120.053	121.144	123.78	124.49	125.779	127.175	128.823	130.427	133.028	134.381	136.679	139.249	141.709	144.023	146.106	147.657	149.21	150.444	151.526	152.42	153.193	154.517	156.099	158.094	158.631	162.861	162.932	163.06	163.325	163.425	163.575	164.394	165.313	166.614
NCDAVI9POP	Davie County, NC	37059	18.855	19.4	19.8	20.5	21.2	21.8	22.3	23.1	23.8	24.3	24.599	25.091	25.316	25.64	25.733	26.345	26.776	27.131	27.446	27.545	28.032	28.399	28.671	29.23	30.054	30.366	31.174	32.235	33.274	34.132	35.054	35.959	36.539	36.997	37.714	38.753	39.786	40.581	41.132	41.479	41.255	41.333	41.282	41.441	41.265	41.655	41.933	42.369	42.733
NCDUPL1POP	Duplin County, NC	37061	38.015	38.2	39.0	39.4	39.4	40.1	40.3	40.6	40.7	40.6	40.952	40.626	40.638	40.526	40.744	40.541	40.335	40.231	39.989	40.226	40.116	40.678	41.651	42.737	43.711	44.793	45.798	46.668	47.549	48.401	49.157	49.776	50.301	50.624	50.989	51.214	51.934	52.325	52.988	53.098	58.65	59.201	59.443	59.328	59.442	58.892	59.26	58.862	58.856
NCDURH8POP	Durham County, NC	37063	132.681	134.5	137.7	141.2	142.3	143.1	145.1	148.0	149.1	151.3	152.236	154.775	156.3	158.22	160.92	163.959	168.498	172.475	175.153	178.875	183.145	187.554	191.784	196.046	199.274	202.872	206.91	211.756	215.995	219.811	224.633	229.527	234.492	236.91	240.04	243.789	249.314	255.765	263.013	269.628	271.354	276.543	282.668	288.759	295.199	300.755	307.705	311.888	316.739
NCEDGE5POP	Edgecombe County, NC	37065	52.341	52.1	52.7	52.9	53.2	54.0	54.7	55.2	55.6	56.2	55.988	56.314	56.74	56.905	56.966	57.697	58.191	58.457	58.77	57.4	56.608	56.575	56.607	56.572	56.612	57.001	57.039	56.885	56.41	56.291	55.333	55.136	54.675	54.288	53.836	53.484	53.015	52.376	52.416	51.829	56.626	56.052	55.682	55.435	54.875	53.744	53.277	52.757	52.005
NCFORS5POP	Forsyth County, NC	37067	215.118	219.9	224.2	226.2	227.8	229.4	231.7	234.2	238.2	241.9	243.704	246.931	249.154	251.265	253.543	257.028	258.482	262.111	263.655	264.921	266.855	270.397	273.771	278.705	284.496	288.923	293.811	297.835	301.159	303.63	307.205	312.36	316.981	320.629	325.193	331.499	339.812	347.685	354.698	358.781	351.393	354.514	357.628	360.657	364.537	367.348	371.157	375.724	379.099
NCFRAN9POP	Franklin County, NC	37069	26.82	27.7	28.0	28.2	28.4	28.7	28.6	28.9	29.1	29.7	30.055	30.392	30.769	31.212	31.754	32.708	34.064	35.032	35.36	35.999	36.571	37.44	38.18	39.351	40.457	41.804	43.139	44.083	45.151	46.293	47.628	48.828	50.676	52.022	53.181	54.312	55.522	57.295	59.108	60.184	60.818	60.927	61.392	62.065	62.689	63.63	64.596	66.033	67.56
NCGAST0POP	Gaston County, NC	37071	148.415	150.8	153.8	156.1	156.7	156.9	156.3	157.0	158.2	159.9	162.568	164.656	166.369	166.973	169.045	171.767	171.5	172.394	173.9	174.803	175.132	177.35	178.654	179.94	181.237	182.916	184.428	186.072	187.284	189.127	190.791	191.785	192.539	192.354	192.605	194.649	197.644	202.104	206.534	208.282	206.105	206.861	207.902	209.228	210.573	212.971	216.716	219.819	222.846
NCGATE3POP	Gates County, NC	37073	8.524	8.5	8.5	8.4	8.4	8.7	8.5	8.5	8.4	8.6	8.875	8.838	8.936	8.865	8.985	9.116	9.222	9.269	9.333	9.326	9.337	9.364	9.524	9.696	9.832	9.957	10.086	10.199	10.436	10.479	10.498	10.504	10.54	10.68	10.713	11.083	11.444	11.739	11.75	11.751	12.165	12.041	11.889	11.701	11.631	11.529	11.567	11.515	11.573
NCGRAH5POP	Graham County, NC	37075	6.562	6.5	6.3	6.4	6.5	6.7	6.7	6.9	6.9	7.1	7.217	7.166	7.189	7.178	7.279	7.271	7.269	7.252	7.168	7.258	7.191	7.426	7.493	7.505	7.661	7.71	7.779	7.84	7.837	7.929	7.965	7.935	7.991	7.919	7.978	7.918	7.961	7.895	7.956	7.874	8.87	8.814	8.709	8.722	8.624	8.598	8.545	8.534	8.484
NCGRAN7POP	Granville County, NC	37077	32.762	33.4	33.4	33.6	33.7	33.6	33.5	33.7	33.8	33.8	34.043	34.402	34.79	35.273	35.681	35.973	36.871	37.38	38.051	38.312	38.465	38.901	39.771	40.688	41.191	42.281	43.281	44.277	46.386	47.498	48.857	50.123	51.758	52.497	52.781	53.445	54.325	56.413	57.277	58.028	57.665	57.489	57.55	57.759	57.999	58.182	58.699	59.374	60.115
NCGREE9POP	Greene County, NC	37079	14.967	15.4	15.1	14.9	15.0	14.9	15.0	15.0	16.0	15.6	16.117	15.954	15.855	16.116	16.026	15.944	15.849	15.672	15.493	15.375	15.44	15.679	15.782	16.149	16.637	17.26	17.742	18.166	18.598	18.687	18.981	19.133	19.328	19.585	19.785	19.719	20.227	20.593	20.58	20.544	21.259	21.514	21.194	21.016	21.018	20.952	21.08	20.98	21.012
NCGUIL1POP	Guilford County, NC	37081	288.645	294.6	298.9	300.6	300.7	302.0	305.4	310.1	312.5	314.9	317.154	320.029	322.602	324.773	327.27	329.656	332.688	336.905	340.908	344.523	349.135	356.433	362.884	370.568	378.575	387.665	394.358	401.113	409.44	416.459	422.3	427.77	430.901	434.532	438.024	444.873	454.767	463.987	472.863	478.841	489.589	494.891	500.471	506.401	512.275	517.414	525.055	529.496	533.67
NCHALI0POP	Halifax County, NC	37083	54.354	54.1	54.6	55.0	54.9	55.2	55.2	55.7	55.7	55.5	55.076	55.085	55.141	55.133	55.144	55.104	54.949	55.279	55.298	55.357	55.671	56.012	56.478	57.394	57.894	58.187	58.019	57.895	57.851	57.44	57.315	56.752	56.428	56.167	55.797	55.585	55.356	55.269	55.193	54.633	54.474	54.11	53.733	53.188	52.839	52.178	51.811	51.282	50.574
NCHARN0POP	Harnett County, NC	37085	49.667	50.7	52.8	53.6	55.1	55.7	56.1	57.6	58.5	59.3	59.57	60.551	61.176	61.713	62.277	63.537	64.516	65.74	66.921	67.579	68.03	69.189	71.373	73.671	75.59	78.353	81.651	84.169	86.513	89.127	91.494	93.572	96.432	97.819	99.874	102.353	104.995	108.16	111.6	115.213	115.742	119.158	122.197	125.032	126.704	128.027	130.631	132.229	134.214
NCHAYW7POP	Haywood County, NC	37087	41.71	42.5	43.3	43.4	43.8	44.5	44.9	44.9	45.7	46.2	46.495	46.742	46.894	46.649	47.125	47.331	47.747	47.194	47.267	47.11	47.003	47.631	48.51	49.295	49.723	50.513	51.397	52.343	52.996	53.602	54.095	54.543	54.906	55.362	55.813	55.863	56.229	56.707	56.915	57.034	58.935	58.722	58.642	58.966	59.134	59.636	60.389	61.036	61.971
NCHEND0POP	Henderson County, NC	37089	42.804	44.6	45.4	47.4	48.6	50.5	51.8	53.6	55.2	57.0	58.58	60.192	61.579	62.553	64.016	65.084	65.758	66.408	67.535	68.357	70.268	71.902	73.596	75.711	78.004	80.03	81.75	84.088	86.016	87.825	89.633	90.92	92.264	93.577	94.864	96.376	98.725	100.712	102.541	103.764	106.887	107.359	107.768	108.885	110.27	111.926	113.723	115.457	116.748
NCHERT1POP	Hertford County, NC	37091	24.439	23.2	23.2	23.4	22.8	23.1	23.0	23.1	23.2	23.4	23.368	23.3	23.27	23.422	23.329	23.375	23.386	23.046	22.802	22.581	22.355	22.393	22.457	22.69	22.637	22.693	22.651	22.673	22.578	22.579	22.574	22.633	23.145	22.882	22.845	22.782	22.711	22.765	22.835	22.851	24.763	24.712	24.6	24.577	24.582	24.38	24.216	23.926	23.659
NCHOKE3POP	Hoke County, NC	37093	16.436	17.0	17.5	17.5	17.7	19.1	18.8	19.2	18.8	19.6	20.383	20.789	21.077	21.186	21.443	21.612	22.046	22.583	22.519	22.775	22.95	23.293	24.235	25.44	27.429	28.452	29.424	30.314	31.58	32.833	33.924	34.681	35.72	36.423	37.916	39.508	40.973	42.029	43.407	44.766	47.496	49.463	50.478	51.156	51.588	52.728	52.973	54.141	54.764
NCHYDE5POP	Hyde County, NC	37095	5.571	5.7	5.6	5.6	5.5	5.7	5.9	6.0	5.9	6.0	5.873	5.922	5.879	5.865	5.861	5.834	5.756	5.625	5.503	5.49	5.406	5.38	5.425	5.381	5.346	5.365	5.409	5.484	5.915	5.914	5.813	5.649	5.693	5.535	5.433	5.391	5.225	5.189	5.263	5.22	5.811	5.796	5.687	5.652	5.598	5.428	5.44	5.267	5.23
NCIRED5POP	Iredell County, NC	37097	72.197	73.9	76.1	76.9	78.0	78.4	77.9	79.0	80.4	81.8	82.538	83.819	84.487	84.787	86.309	87.1	87.931	89.348	90.862	91.787	93.711	95.901	97.517	99.474	101.802	104.653	107.743	111.061	115.686	120.031	123.583	127.108	130.285	132.962	136.265	140.143	146.365	151.472	155.725	157.931	159.768	161.018	162.664	164.582	166.514	169.497	172.552	175.628	178.435
NCJACK9POP	Jackson County, NC	37099	21.593	22.4	23.3	23.9	24.4	24.3	24.6	25.0	24.6	25.1	25.811	26.239	26.4	26.558	26.742	26.702	26.273	26.512	26.606	26.794	26.926	27.464	28.026	28.407	29.373	30.148	30.797	31.301	31.851	32.42	33.236	33.58	34.031	34.877	35.428	35.662	36.409	36.441	36.756	37.304	40.357	40.223	40.617	40.984	40.907	41.281	42.573	43.192	43.327
NCJOHN0POP	Johnston County, NC	37101	61.737	62.8	64.2	64.4	65.3	66.8	67.6	68.2	69.4	70.2	70.599	71.441	72.058	72.559	74.092	75.858	77.029	77.911	78.926	80.004	81.925	84.521	87.353	90.285	93.384	97.914	102.352	106.905	112.394	117.765	123.327	127.673	132.444	136.105	140.648	145.137	150.604	156.877	163.232	168.256	169.681	172.44	174.4	177.256	180.758	185.135	190.868	196.423	202.675
NCJONE3POP	Jones County, NC	37103	9.779	9.9	10.0	9.8	9.6	9.8	9.8	9.7	9.8	9.6	9.705	9.688	9.712	9.76	9.338	9.384	9.384	9.32	9.349	9.376	9.392	9.479	9.623	9.902	10.059	10.104	10.065	10.193	10.224	10.35	10.27	10.182	10.066	9.898	10.045	9.958	9.884	9.918	9.846	10.004	10.143	10.059	10.069	10.005	9.851	9.785	9.602	9.602	9.637
NCLEEC5POP	Lee County, NC	37105	30.467	31.2	32.2	32.7	33.2	33.6	33.9	34.8	35.6	35.8	36.718	36.999	37.405	37.862	38.627	39.719	40.133	39.97	40.446	40.882	41.548	42.065	42.823	43.806	44.595	45.698	46.711	47.611	48.559	48.766	49.423	51.196	51.723	52.886	54.417	55.434	56.696	57.834	59.19	60.359	57.886	58.539	59.259	59.785	59.43	59.44	59.737	60.567	61.452
NCLENO0POP	Lenoir County, NC	37107	55.204	56.6	57.7	58.1	58.5	58.5	59.2	59.4	59.2	59.3	59.819	59.787	59.428	59.537	59.368	58.856	58.212	58.124	57.602	57.303	57.376	57.718	58.164	58.716	59.084	59.666	59.786	59.846	59.838	59.863	59.512	59.053	58.617	58.153	57.738	57.513	57.181	56.783	56.82	56.557	59.492	59.409	59.115	58.737	58.261	57.994	57.263	56.641	55.976
NCLINC9POP	Lincoln County, NC	37109	32.682	33.9	35.3	36.7	37.3	37.9	38.3	39.0	40.2	41.1	42.372	42.894	43.361	43.629	44.533	45.601	46.06	47.106	48.521	49.189	50.79	51.947	53.504	55.356	56.921	57.757	58.909	60.343	61.674	62.955	64.133	65.182	66.076	66.95	67.584	69.014	71.079	72.877	74.715	75.973	78.104	78.259	78.693	79.081	79.418	80.535	81.118	82.365	83.77
NCMACO3POP	Macon County, NC	37113	15.788	16.4	17.0	17.2	17.6	18.1	18.3	19.0	19.5	20.2	20.178	21.117	21.677	22.049	22.529	22.756	22.642	22.721	22.853	23.218	23.623	23.986	24.441	24.985	25.459	26.307	27.208	27.963	28.554	29.252	29.961	30.361	30.751	31.057	31.398	31.71	32.313	32.701	33.097	33.257	33.958	33.884	33.803	33.735	33.823	34.078	34.241	34.624	35.285
NCMADI5POP	Madison County, NC	37115	16.003	16.1	15.9	16.0	16.2	16.5	16.5	16.5	16.6	16.5	16.827	17.113	16.919	16.81	17.018	17.037	17.12	17.051	16.924	16.879	17.027	17.218	17.424	17.476	17.835	18.199	18.604	18.807	19.222	19.392	19.661	19.799	19.814	19.762	19.841	19.921	20.056	20.189	20.322	20.417	20.779	20.844	20.884	21.149	21.189	21.138	21.359	21.577	21.763
NCMART7POP	Martin County, NC	37117	24.73	24.6	24.7	24.9	25.0	25.3	25.5	25.8	25.9	25.9	25.948	26.187	26.089	26.088	26.09	25.858	25.694	25.693	25.542	25.302	25.049	25.143	25.126	25.567	26.073	26.017	25.988	25.981	25.752	25.623	25.494	25.12	24.881	24.678	24.402	24.026	23.969	23.598	23.488	23.368	24.501	24.179	23.841	23.637	23.437	23.262	23.122	22.776	22.671
NCMCDO1POP	McDowell County, NC	37111	30.648	30.9	31.5	32.2	32.5	33.2	33.4	33.5	33.9	34.2	35.135	35.675	35.838	35.745	35.899	35.824	35.612	35.618	35.553	35.661	35.77	36.188	36.473	36.982	37.62	38.171	39.384	40.48	41.229	41.874	42.251	42.688	42.712	42.909	42.972	43.136	43.372	43.656	44.032	44.037	45.098	45.051	45.003	45.031	45.018	44.976	44.882	45.164	45.507
NCMECK9POP	Mecklenburg County, NC	37119	354.656	360.1	368.0	374.0	377.1	377.4	380.3	383.8	388.7	395.7	404.27	413.915	422.435	428.247	438.304	448.881	459.459	473.76	486.215	499.677	515.605	530.897	542.185	558.031	576.276	596.036	617.328	639.479	660.552	682.071	700.802	720.936	737.544	755.396	774.441	800.363	833.428	865.075	891.819	913.311	923.258	943.75	967.083	990.785	1010.412	1033.282	1056.665	1077.311	1093.901
NCMITC1POP	Mitchell County, NC	37121	13.447	13.8	13.8	13.9	13.9	14.1	14.3	14.4	14.6	14.4	14.428	14.383	14.316	14.185	14.302	14.395	14.315	14.309	14.431	14.392	14.469	14.564	14.671	14.802	14.865	15.075	15.175	15.235	15.367	15.498	15.688	15.815	15.81	15.781	15.862	15.781	15.613	15.663	15.659	15.589	15.507	15.347	15.321	15.275	15.166	15.063	14.991	14.979	15.0
NCMONT3POP	Montgomery County, NC	37123	19.267	19.7	19.9	20.1	20.4	20.6	20.7	20.8	21.2	21.7	22.469	22.538	22.495	22.863	23.164	23.169	23.078	23.327	23.135	23.281	23.489	23.477	23.946	24.175	24.379	24.932	25.281	25.482	25.937	26.43	26.899	26.951	26.986	27.205	27.038	27.085	27.241	27.482	27.739	27.708	27.731	27.707	27.526	27.454	27.291	27.456	27.325	27.347	27.271
NCMOOR0POP	Moore County, NC	37125	39.048	40.7	41.7	43.0	43.6	44.7	45.6	46.9	48.1	49.3	50.505	50.905	51.394	52.276	53.331	53.954	54.904	55.985	57.469	58.215	59.347	60.426	62.02	63.717	66.041	67.692	69.188	70.839	72.185	73.799	75.184	76.283	77.547	78.342	79.437	80.751	82.694	84.651	85.966	87.061	88.587	89.247	90.186	91.369	92.825	94.014	95.392	97.232	98.682
NCNASH5POP	Nash County, NC	37127	59.122	60.2	60.8	62.2	63.2	64.2	64.9	66.2	66.8	67.0	67.153	68.074	68.784	69.573	70.149	71.102	71.639	72.659	73.056	74.958	77.06	78.235	79.292	80.681	82.378	83.507	84.531	85.922	86.493	87.042	87.703	88.169	88.693	89.249	89.908	90.412	91.559	93.125	94.068	94.797	95.789	95.736	95.185	94.428	94.216	93.805	93.968	94.012	94.016
NCNEWH9POP	New Hanover County, NC	37129	82.996	87.4	91.4	94.4	96.7	98.6	99.8	101.5	100.7	101.6	103.471	105.368	107.489	108.586	110.154	112.014	114.273	115.934	116.958	118.238	121.14	125.53	128.946	133.358	138.365	143.95	148.892	153.079	156.948	158.774	160.811	163.81	167.057	170.24	176.022	182.41	187.017	190.058	192.722	194.732	203.286	205.954	209.051	212.938	215.996	219.44	224.789	228.657	232.274
NCNORT1POP	Northampton County, NC	37131	23.099	23.9	23.9	23.0	22.8	22.9	23.0	23.0	23.0	22.8	22.195	22.084	21.941	21.863	21.897	21.912	21.957	21.547	21.184	20.939	21.032	21.051	20.983	21.027	21.202	21.507	21.744	21.884	21.986	21.981	21.99	21.785	21.565	21.366	21.02	20.982	20.697	20.658	20.423	20.077	22.039	21.915	21.287	20.86	20.659	20.538	20.143	19.913	19.676
NCONSL5POP	Onslow County, NC	37133	103.126	100.8	94.7	93.2	96.4	112.7	115.3	116.4	118.5	113.2	112.784	116.1	118.881	124.216	128.297	133.24	138.143	141.166	142.695	149.174	150.098	151.342	146.37	147.789	146.76	147.258	148.658	147.955	150.773	149.628	150.427	149.79	151.285	148.334	155.566	152.921	155.955	157.649	163.236	165.435	186.889	184.962	190.669	192.351	191.82	193.037	192.184	194.838	197.683
NCORAN2POP	Orange County, NC	37135	57.567	61.4	65.8	67.5	71.1	69.3	70.8	73.2	74.1	75.9	77.055	77.88	78.644	80.078	81.299	83.604	86.149	88.002	90.396	92.547	94.232	96.118	98.745	102.516	105.94	108.479	110.365	112.831	114.896	116.862	116.103	118.338	117.028	117.719	117.99	119.779	122.202	124.855	127.079	129.32	133.986	134.815	137.829	139.404	140.333	141.379	142.991	143.96	146.027
NCPAML7POP	Pamlico County, NC	37137	9.467	9.5	9.5	9.5	9.4	9.5	9.7	9.9	10.1	10.1	10.398	10.441	10.636	10.72	10.92	11.037	11.113	11.09	11.185	11.283	11.395	11.475	11.603	11.758	11.926	12.045	12.165	12.163	12.326	12.898	12.885	12.736	12.721	12.629	12.478	12.541	12.444	12.389	12.388	12.351	13.11	13.245	13.019	12.883	12.874	12.743	12.769	12.654	12.67
NCPASQ9POP	Pasquotank County, NC	37139	26.824	27.3	27.3	27.2	27.6	27.5	28.0	28.2	28.0	28.2	28.462	28.535	28.781	28.767	29.116	29.493	30.071	30.371	30.649	31.011	31.403	31.636	32.317	32.966	33.147	33.315	33.947	34.757	35.059	34.913	34.907	34.913	35.501	35.98	36.916	38.21	39.516	40.731	41.349	41.441	40.629	40.26	40.378	39.551	39.441	39.407	39.431	39.476	39.639
NCPEND1POP	Pender County, NC	37141	18.149	18.2	18.6	19.3	19.8	20.2	20.7	21.1	21.4	21.7	22.262	22.55	22.903	23.241	23.757	24.39	25.198	26.226	27.011	27.985	29.086	30.04	30.958	32.537	33.868	35.194	36.604	38.069	39.585	40.538	41.243	41.714	42.591	43.193	44.442	45.855	47.935	49.759	51.244	52.447	52.416	53.171	53.717	54.786	55.908	57.455	58.807	60.768	62.162
NCPERQ3POP	Perquimans County, NC	37143	8.351	8.5	8.5	8.6	8.5	9.1	8.8	8.9	9.1	9.5	9.486	9.498	9.42	9.472	9.643	9.944	10.039	10.178	10.391	10.449	10.477	10.484	10.501	10.599	10.633	10.661	10.9	11.0	11.125	11.234	11.391	11.454	11.463	11.501	11.559	11.776	12.093	12.429	12.748	12.669	13.481	13.498	13.588	13.634	13.538	13.467	13.408	13.46	13.422
NCPERS5POP	Person County, NC	37145	25.914	26.4	27.2	27.5	27.6	27.4	27.7	28.0	28.3	28.8	29.164	29.158	29.356	29.312	29.397	29.468	29.7	29.876	30.143	30.071	30.314	30.846	31.211	31.734	32.091	32.95	33.533	34.159	34.772	35.155	35.697	35.844	36.325	36.491	36.577	36.912	37.024	37.26	37.439	37.572	39.413	39.52	39.182	39.247	39.122	39.206	39.297	39.395	39.507
NCPITT7POP	Pitt County, NC	37147	73.9	75.3	75.0	75.8	76.0	78.9	80.1	80.9	82.0	82.8	90.146	92.047	93.4	94.75	96.164	97.73	99.626	102.001	104.306	106.474	109.054	111.965	114.318	116.728	119.694	122.525	124.861	127.812	130.519	132.554	134.189	135.887	137.77	139.556	141.669	144.311	148.453	152.213	156.019	158.643	168.853	170.761	172.969	174.384	174.998	176.098	177.232	178.617	179.914
NCPOLK9POP	Polk County, NC	37149	11.735	12.0	12.3	12.5	12.6	12.6	12.5	12.7	12.5	12.7	12.984	13.509	13.799	13.734	14.019	14.025	13.997	14.062	14.118	14.29	14.544	14.764	15.29	15.652	16.014	16.544	17.07	17.57	17.726	18.024	18.338	18.477	18.583	18.608	18.723	18.809	19.004	19.096	19.196	19.189	20.481	20.292	20.251	20.392	20.371	20.401	20.388	20.518	20.611
NCRAND1POP	Randolph County, NC	37151	76.358	79.0	80.4	82.4	84.4	84.7	85.5	86.8	88.5	89.8	91.3	92.666	93.626	94.802	96.392	97.59	99.143	100.987	103.329	105.067	107.194	109.464	111.512	113.108	115.093	117.474	120.566	123.419	126.022	128.722	131.048	132.217	133.191	134.3	135.032	136.624	138.236	139.349	140.928	141.928	141.986	141.852	142.28	142.327	142.51	142.634	143.146	143.149	143.351
NCRICH3POP	Richmond County, NC	37153	39.889	40.5	41.3	41.1	41.4	42.0	42.7	43.4	44.3	44.8	45.161	45.005	44.468	44.49	44.642	45.103	44.97	44.538	44.625	44.602	44.608	45.037	45.057	45.507	45.459	45.731	46.226	46.365	46.558	46.449	46.58	46.373	46.483	46.051	45.902	45.913	45.791	45.87	45.966	45.923	46.633	46.647	46.358	46.133	45.778	45.435	45.021	44.825	44.887
NCROBE7POP	Robeson County, NC	37155	84.842	86.9	89.8	91.5	93.2	95.5	97.3	98.6	99.7	100.5	101.61	102.406	103.114	103.629	104.114	104.472	104.108	104.908	105.216	105.116	105.543	106.908	108.918	111.05	112.947	114.936	116.858	118.864	120.876	122.514	123.284	123.501	123.902	124.501	124.534	125.86	126.456	127.674	128.602	129.482	134.496	135.176	135.46	135.14	134.945	134.461	133.384	132.59	131.831
NCROCK0POP	Rockingham County, NC	37157	72.402	74.5	76.3	77.7	79.1	79.8	80.5	80.4	81.5	82.5	83.426	84.28	84.428	84.666	84.735	85.01	84.934	85.325	85.774	85.746	86.283	86.89	87.195	87.605	88.229	89.251	90.251	90.994	91.429	91.845	92.079	92.114	92.503	92.329	91.756	91.791	92.003	92.115	92.148	92.283	93.658	93.276	92.692	91.903	91.8	91.676	91.345	90.841	90.69
NCROWA5POP	Rowan County, NC	37159	90.035	91.7	92.1	93.5	93.3	93.8	94.0	95.3	96.6	97.9	99.186	100.319	101.319	101.934	102.161	104.406	105.538	106.017	108.002	109.448	110.999	112.566	114.217	115.947	118.552	120.783	123.519	125.871	127.599	129.436	130.712	132.21	133.377	133.4	133.229	133.755	135.5	137.403	139.821	140.966	138.368	137.836	137.551	137.742	138.142	138.588	139.495	140.537	141.262
NCRUTH5POP	Rutherford County, NC	37161	47.337	49.1	49.9	50.0	50.5	51.0	51.6	52.1	52.7	53.2	53.787	54.521	55.28	54.955	55.816	56.153	55.849	55.933	56.28	56.496	57.196	57.843	58.321	58.906	59.43	60.103	60.409	61.094	61.874	62.511	62.978	63.161	62.988	63.094	62.85	62.813	63.069	63.091	63.464	63.431	67.737	67.408	67.214	66.848	66.567	66.388	66.311	66.568	66.826
NCSAMP3POP	Sampson County, NC	37163	44.954	46.5	47.1	46.7	47.1	48.0	47.8	48.3	48.5	49.0	49.687	49.396	49.17	48.823	48.836	48.449	48.003	48.003	47.876	47.529	47.499	48.574	50.03	51.375	52.708	53.752	54.862	56.6	58.012	59.325	60.302	60.722	61.039	61.534	61.817	62.194	62.636	63.13	63.451	63.791	63.536	63.514	63.715	63.917	63.82	63.605	63.323	63.433	63.626
NCSCOT5POP	Scotland County, NC	37165	26.929	27.5	28.4	29.1	29.5	30.1	30.2	30.9	31.7	32.1	32.273	32.553	32.839	32.958	33.239	33.004	32.982	33.428	33.683	33.566	33.865	34.03	34.22	34.629	34.735	35.021	35.434	35.501	35.675	35.926	35.959	35.876	35.482	35.471	36.402	36.327	36.252	36.302	36.35	36.19	36.063	36.272	36.09	35.915	35.665	35.33	35.331	35.172	34.81
NCSTAN7POP	Stanly County, NC	37167	42.822	44.1	44.8	45.4	45.5	45.7	46.0	46.5	47.0	47.6	48.517	48.555	48.757	48.978	49.744	50.192	50.227	50.547	51.006	51.612	51.906	52.646	53.092	53.585	54.376	54.799	55.455	56.412	56.918	57.791	58.223	58.577	58.521	58.494	58.283	58.477	58.637	59.25	59.759	59.776	60.576	60.52	60.456	60.631	60.619	60.635	60.792	61.451	62.075
NCSTOK9POP	Stokes County, NC	37169	23.782	25.0	26.3	27.2	28.3	29.3	29.8	30.3	31.1	32.2	33.086	33.69	34.256	34.371	34.945	35.371	35.61	36.183	36.401	36.803	37.396	37.806	38.732	39.05	40.207	41.17	42.142	42.906	43.588	44.255	44.724	44.767	44.719	44.814	45.079	45.354	45.799	45.943	46.069	45.983	47.349	47.142	46.732	46.517	46.326	46.146	45.887	45.697	45.467
NCSURR0POP	Surry County, NC	37171	51.415	52.5	53.6	54.6	55.0	56.1	56.5	57.5	57.9	58.5	59.449	59.637	59.896	59.818	60.276	60.525	60.783	61.1	61.243	61.387	61.969	62.872	63.752	64.837	65.862	66.828	67.582	68.739	69.986	70.942	71.293	71.656	71.912	72.037	71.708	71.905	72.012	72.148	72.428	72.392	73.769	73.487	73.292	72.644	72.492	71.971	71.964	72.118	71.948
NCSWAI3POP	Swain County, NC	37173	8.835	9.2	9.4	9.2	9.4	9.9	10.2	10.3	10.3	10.3	10.283	10.457	10.633	10.751	10.868	10.848	10.955	10.932	10.81	11.157	11.306	11.489	11.599	11.812	11.845	12.011	12.314	12.5	12.642	12.799	13.036	12.993	13.04	13.086	13.093	13.271	13.46	13.37	13.391	13.421	14.011	14.011	14.054	13.979	14.24	14.328	14.193	14.266	14.245
NCTRAN5POP	Transylvania County, NC	37175	19.713	20.0	20.1	20.6	21.2	21.7	22.0	22.5	22.8	23.2	23.417	23.763	24.095	24.26	24.633	24.95	25.404	25.404	25.515	25.604	25.547	25.768	26.114	26.681	27.101	27.304	27.82	28.225	28.853	29.16	29.342	29.279	29.398	29.194	29.252	29.449	29.705	30.01	30.203	30.232	33.087	32.804	32.833	32.828	32.954	33.167	33.406	33.825	34.215
NCTYRR7POP	Tyrrell County, NC	37177	3.806	3.9	3.9	3.7	3.8	3.9	3.9	3.9	4.0	4.0	3.975	4.008	4.059	3.991	4.008	4.017	3.951	3.966	3.914	3.906	3.856	3.791	3.852	3.921	3.878	3.851	3.82	3.775	4.033	4.15	4.111	4.115	4.152	4.224	4.136	4.094	4.116	4.15	4.075	4.051	4.415	4.337	4.122	4.104	4.12	4.137	4.025	4.183	4.131
NCUNIO5POP	Union County, NC	37179	54.714	56.6	58.9	59.9	62.3	63.0	63.6	64.9	66.5	68.1	70.436	72.02	73.308	74.133	75.467	76.715	77.966	79.616	81.387	82.885	84.772	87.227	89.711	92.912	96.3	100.597	104.469	108.519	113.172	118.621	125.592	131.71	138.398	144.283	151.392	160.735	172.349	184.622	193.517	198.351	202.11	204.877	208.077	212.229	217.738	222.017	226.383	231.424	235.908
NCVANC1POP	Vance County, NC	37181	32.691	32.4	32.6	33.7	33.9	34.0	34.7	35.5	36.0	36.4	36.748	36.942	37.206	37.38	37.52	38.005	38.365	38.648	38.663	38.544	39.042	39.337	39.724	40.009	40.446	40.609	41.069	41.578	42.029	42.53	43.112	43.651	43.542	43.276	43.081	42.889	43.075	42.965	43.042	43.059	45.301	45.297	45.104	44.505	44.537	44.48	44.5	44.312	44.582
NCWAKE3POP	Wake County, NC	37183	229.006	238.2	245.6	254.4	263.0	267.4	272.7	280.2	286.6	293.5	301.429	310.149	316.973	327.627	342.267	359.163	372.079	381.548	396.914	411.341	430.378	446.158	463.218	482.94	504.299	526.599	549.005	570.54	592.534	612.728	633.529	659.096	680.556	701.854	723.414	754.159	793.168	831.915	867.913	895.975	906.882	928.729	951.894	974.007	997.789	1022.431	1048.381	1071.886	1092.305
NCWARR5POP	Warren County, NC	37185	15.34	16.5	16.9	16.7	16.2	16.4	16.0	16.3	16.5	16.4	16.232	16.26	16.293	16.415	16.695	16.746	16.853	17.022	17.13	17.2	17.303	17.48	17.734	17.992	18.139	18.515	18.692	19.015	19.805	19.994	19.876	19.853	19.743	19.722	19.706	19.699	19.402	19.44	19.464	19.337	20.981	20.989	20.758	20.6	20.385	20.213	19.892	19.869	19.807
NCWASH7POP	Washington County, NC	37187	14.038	14.1	13.7	13.9	14.0	15.1	14.9	15.1	14.7	14.9	14.801	14.606	14.476	14.421	14.275	14.281	14.222	14.289	14.265	14.11	14.012	14.15	14.275	14.242	14.413	14.313	14.116	13.985	13.804	13.745	13.661	13.508	13.343	13.333	13.168	13.123	12.982	12.818	12.901	12.812	13.135	12.92	12.679	12.689	12.496	12.282	12.122	12.019	11.859
NCWATA9POP	Watauga County, NC	37189	23.404	25.0	26.5	27.9	29.6	29.8	30.3	31.1	30.9	31.1	31.666	32.88	33.549	34.029	34.565	35.083	35.557	35.782	36.125	36.737	37.047	37.458	38.41	38.921	39.785	40.569	41.13	41.633	41.92	42.412	42.774	43.21	43.388	43.354	43.168	43.468	44.172	44.574	45.399	45.203	50.967	51.617	52.059	52.297	52.397	53.062	54.095	55.088	55.945
NCWAYN1POP	Wayne County, NC	37191	85.408	87.9	90.2	90.3	91.8	92.5	93.4	94.7	96.8	97.1	97.054	98.066	98.603	99.391	100.393	101.193	100.205	101.296	102.269	103.938	104.896	106.545	107.614	108.374	109.459	111.578	112.898	113.366	113.429	113.176	113.517	113.049	112.639	112.142	113.147	112.821	112.354	112.953	113.077	113.499	122.9	124.04	124.574	124.622	124.631	124.428	124.448	123.257	123.248
NCWILK5POP	Wilkes County, NC	37193	49.524	51.6	53.2	54.0	54.8	55.5	56.2	57.1	58.2	58.8	58.657	58.934	59.191	59.392	59.78	59.848	59.567	59.886	59.875	59.57	59.502	59.845	60.352	60.676	61.339	61.825	62.884	63.507	64.132	65.092	65.775	66.32	66.519	66.611	66.328	66.426	66.48	66.674	66.732	66.396	69.27	68.944	68.916	68.622	68.432	68.291	68.554	68.464	68.557
NCWILS0POP	Wilson County, NC	37195	57.486	58.4	58.1	58.9	59.6	60.1	60.2	61.2	61.5	62.3	63.132	63.446	63.816	64.248	64.542	64.38	64.547	65.203	65.493	66.019	66.238	66.925	67.64	67.981	68.953	69.546	70.272	71.028	72.002	73.166	73.93	73.955	74.692	74.907	75.086	75.449	75.786	76.651	77.704	78.327	81.285	81.135	81.386	81.186	81.006	81.281	81.37	81.567	81.455
NCYADK7POP	Yadkin County, NC	37197	24.599	25.4	26.2	26.5	27.1	27.2	27.6	27.7	27.8	28.2	28.439	28.775	29.072	29.175	29.319	29.352	29.574	29.952	30.291	30.349	30.576	31.038	31.537	32.049	32.698	33.555	34.336	34.891	35.366	35.805	36.461	36.729	37.118	37.067	36.955	37.207	37.421	37.462	37.666	37.683	38.434	38.34	38.145	38.067	37.85	37.628	37.663	37.643	37.543
NCYANC9POP	Yancey County, NC	37199	12.629	13.0	13.3	13.5	13.6	14.1	14.5	14.6	14.8	14.9	14.934	15.045	15.117	15.052	15.217	15.351	15.467	15.578	15.539	15.5	15.459	15.758	15.876	16.065	16.322	16.574	16.761	17.066	17.26	17.612	17.75	17.832	17.812	17.824	17.918	18.025	18.141	18.402	18.496	18.477	17.806	17.689	17.624	17.55	17.546	17.556	17.618	17.712	17.903
