Series ID	Region Name	Region Code	1990	1991	1992	1993	1994	1995	1996	1997	1998	1999	2000	2001	2002	2003	2004	2005	2006	2007	2008	2009	2010	2011	2012	2013	2014	2015	2016	2017	2018	2019
NCALAM1LFN	Alamance County, NC	37001	61496.0	62239.916666666664	62656.5	62948.916666666664	63510.833333333336	64538.583333333336	66697.33333333333	67971.91666666667	67744.66666666667	68352.91666666667	69592.33333333333	69144.08333333333	69094.91666666667	70121.25	69220.41666666667	68709.66666666667	69614.75	69983.41666666667	71183.91666666667	71389.16666666667	76806.25	77265.5	77999.91666666667	77240.75	76788.33333333333	77316.08333333333	78947.41666666667	79983.75	80583.5	81968.25
NCALEX3LFN	Alexander County, NC	37003	16045.416666666668	16384.833333333332	16386.75	16541.25	16935.333333333332	17113.75	17379.0	17552.166666666668	17396.333333333332	17795.916666666668	19441.333333333332	19263.916666666668	18664.166666666668	18578.166666666668	18540.666666666668	18233.416666666668	18499.666666666668	18206.0	18214.666666666668	18177.5	18259.333333333332	17893.083333333332	17674.083333333332	17479.333333333332	17461.916666666668	17546.5	17834.75	17982.75	18022.916666666668	18272.833333333332
NCALLE5LFN	Alleghany County, NC	37005	4851.75	4971.583333333333	5074.5	4902.666666666667	4913.166666666667	5320.333333333333	5622.083333333333	5706.416666666667	5653.583333333333	5952.083333333333	5652.333333333333	5279.666666666667	4855.75	4907.666666666667	4871.0	4873.5	4950.0	4898.0	4548.666666666667	4666.583333333333	4747.166666666667	4630.25	4603.666666666667	4418.083333333333	4390.083333333333	4468.666666666667	4426.083333333333	4364.416666666667	4304.5	4393.833333333333
NCANSO7LFN	Anson County, NC	37007	11754.916666666668	12145.833333333332	12412.25	11752.166666666668	11572.25	11545.583333333332	11529.833333333332	11575.666666666668	11329.583333333332	10737.833333333334	11044.916666666668	11303.666666666668	11051.833333333332	10984.25	10872.0	10561.833333333334	10669.583333333334	10301.583333333334	10251.416666666666	10096.166666666666	11179.75	11098.5	11057.583333333332	10919.166666666668	10916.333333333332	10832.833333333334	10660.333333333334	10530.0	10406.833333333334	10567.25
NCASHE9LFN	Ashe County, NC	37009	11378.0	11618.0	11619.666666666668	11730.166666666668	11553.666666666668	11841.416666666668	11838.666666666668	11679.416666666668	11414.0	11797.0	12532.25	12681.75	12613.416666666668	12876.833333333332	12818.5	12759.333333333332	12816.583333333332	13077.833333333332	12550.666666666668	12547.0	13721.916666666668	13245.583333333332	13185.916666666668	12855.0	12410.25	12315.666666666668	12508.416666666668	12668.666666666668	12749.583333333332	12941.333333333332
NCAVER1LFN	Avery County, NC	37011	7310.25	7324.333333333333	7354.0	7289.0	7266.0	7524.75	7740.666666666667	7930.833333333333	7957.416666666667	8147.666666666667	7963.583333333333	8065.75	7614.0	8053.25	8067.5	7961.25	8018.0	8257.0	8825.75	8985.75	7944.333333333333	7765.583333333333	7742.916666666667	7684.166666666667	7649.25	7534.666666666667	7575.5	7642.0	7639.0	7622.416666666667
NCBEAU3LFN	Beaufort County, NC	37013	20566.25	20453.0	20715.916666666668	19886.583333333332	19728.75	20020.833333333332	20494.333333333332	21129.583333333332	20622.25	20672.0	20737.416666666668	20097.416666666668	19627.666666666668	20129.75	19990.916666666668	20197.333333333332	20572.416666666668	21313.25	20743.0	20790.583333333332	21170.5	21473.083333333332	21046.75	20457.083333333332	20085.833333333332	20124.75	20308.0	19999.25	19739.166666666668	19755.25
NCBERT5LFN	Bertie County, NC	37015	9038.5	9123.75	9282.083333333334	8964.166666666666	9036.75	9431.333333333334	9430.5	9288.5	9003.833333333334	8878.333333333334	8400.083333333334	8318.75	8142.333333333333	8487.916666666666	8355.333333333334	8768.916666666666	8731.666666666666	8818.166666666666	8693.5	9016.5	9191.166666666666	9070.166666666666	8668.166666666666	8460.5	8520.416666666666	8606.416666666666	8437.0	8083.333333333333	7831.416666666667	7861.833333333333
NCBLAD7LFN	Bladen County, NC	37017	13465.166666666668	13703.5	14376.75	15351.25	16477.416666666668	17795.333333333332	19545.583333333332	20266.666666666668	20279.083333333332	20481.166666666668	14713.083333333332	14955.5	14744.833333333332	15052.583333333332	15642.333333333332	15439.5	15232.25	15668.0	15443.916666666668	15349.666666666668	15193.666666666668	14862.833333333332	14449.666666666668	14348.75	14292.916666666668	14745.416666666668	14569.5	14427.5	14418.666666666668	14752.583333333332
NCBRUN9LFN	Brunswick County, NC	37019	24702.5	25884.916666666668	27201.333333333332	28043.25	28717.416666666668	29419.166666666668	31044.0	32329.083333333332	33305.666666666664	35001.5	35564.0	36921.333333333336	37530.0	39244.333333333336	40333.333333333336	42827.083333333336	46535.0	47823.166666666664	49932.25	50979.333333333336	46528.25	47015.5	47347.25	47686.916666666664	47691.833333333336	48557.333333333336	49708.083333333336	51356.0	52867.583333333336	55174.583333333336
NCBUNC1LFN	Buncombe County, NC	37021	91530.33333333333	94656.16666666667	96743.08333333333	98309.33333333333	99270.75	99368.08333333333	103099.41666666667	105899.41666666667	105496.41666666667	105178.41666666667	108031.08333333333	109606.5	110380.41666666667	113490.66666666667	113412.83333333333	115125.16666666667	118775.16666666667	120202.66666666667	122277.16666666667	121934.5	123679.91666666667	124660.33333333333	126436.83333333333	127657.0	127700.41666666667	130462.58333333333	134376.91666666666	136667.08333333334	139318.66666666666	145183.16666666666
NCBURK0LFN	Burke County, NC	37023	41929.333333333336	42217.666666666664	43224.583333333336	43145.166666666664	43499.416666666664	44202.75	44699.5	44782.5	43938.333333333336	44007.0	46421.0	45586.083333333336	43575.583333333336	43046.166666666664	42230.916666666664	41432.416666666664	41542.333333333336	40069.5	40287.416666666664	39669.583333333336	41686.666666666664	41195.333333333336	40691.916666666664	40101.333333333336	39355.583333333336	39342.25	39859.25	40516.666666666664	40578.583333333336	41148.333333333336
NCCABA5LFN	Cabarrus County, NC	37025	55386.583333333336	55623.166666666664	57157.0	57758.416666666664	59049.916666666664	60836.666666666664	63752.0	65379.75	66458.5	69468.83333333333	72210.25	74979.5	75088.5	77742.33333333333	76770.16666666667	77153.16666666667	80712.75	82663.16666666667	84918.58333333333	84851.75	89048.83333333333	89829.08333333333	91360.83333333333	92217.41666666667	94294.16666666667	97650.83333333333	101188.0	104744.58333333333	106601.33333333333	109978.83333333333
NCCALD0LFN	Caldwell County, NC	37027	40308.5	40931.0	41054.75	41003.416666666664	40980.333333333336	41526.0	42232.5	42968.166666666664	41282.833333333336	41377.583333333336	42559.416666666664	42284.666666666664	40860.666666666664	40599.416666666664	39832.5	39683.083333333336	39816.833333333336	38426.666666666664	38150.916666666664	37966.5	38212.083333333336	37342.75	36895.583333333336	36369.083333333336	35484.833333333336	35476.083333333336	35900.416666666664	36531.25	36594.833333333336	37153.5
NCCAMD9LFN	Camden County, NC	37029	2821.9166666666665	2754.6666666666665	2840.75	2847.5	2911.6666666666665	3042.1666666666665	3157.4166666666665	3206.25	3224.5	3310.5	3325.25	3409.3333333333335	3531.75	3882.0833333333335	4202.666666666667	4373.583333333333	4519.75	4620.166666666667	4541.083333333333	4465.416666666667	4593.916666666667	4590.833333333333	4520.583333333333	4522.0	4550.833333333333	4614.833333333333	4658.416666666667	4730.083333333333	4650.333333333333	4664.166666666667
NCCART1LFN	Carteret County, NC	37031	25637.916666666668	26386.583333333332	27324.083333333332	27363.583333333332	27400.166666666668	28317.833333333332	29293.166666666668	30401.166666666668	30200.166666666668	30203.0	29693.666666666668	29773.583333333332	30009.166666666668	31305.916666666668	31731.25	32249.833333333332	32918.333333333336	33229.25	32742.583333333332	32623.916666666668	31379.0	30965.083333333332	31501.5	31177.75	31073.0	31347.75	31575.333333333332	31945.666666666668	31755.083333333332	32115.416666666668
NCCASW3LFN	Caswell County, NC	37033	10202.0	11075.333333333332	11163.666666666668	10945.666666666668	11329.916666666668	11783.5	12271.5	12889.75	13024.75	13457.5	10917.083333333332	10890.833333333332	10906.833333333332	10871.416666666668	10687.083333333334	10582.833333333334	10714.75	10706.0	10746.916666666666	10860.75	10068.083333333334	10108.75	9960.916666666666	9857.75	9651.25	9628.25	9691.25	9772.083333333334	9819.666666666666	9932.25
NCCATA5LFN	Catawba County, NC	37035	71445.66666666667	72614.91666666667	73933.5	73246.41666666667	74161.08333333333	75241.08333333333	76876.0	76949.5	76107.91666666667	76787.33333333333	80518.83333333333	80956.41666666667	78761.83333333333	77739.91666666667	77185.08333333333	76866.66666666667	77385.58333333333	76407.33333333333	76720.25	77039.41666666667	77897.91666666667	76812.16666666667	76572.33333333333	76000.33333333333	74635.0	75182.16666666667	76891.5	78688.66666666667	78801.75	79828.66666666667
NCCHAT7LFN	Chatham County, NC	37037	22069.333333333332	22816.25	22993.833333333332	23018.25	23495.416666666668	24116.833333333332	25546.166666666668	26483.666666666668	26854.333333333332	27412.416666666668	26909.666666666668	28367.75	28974.75	29502.333333333332	29986.916666666668	30757.75	32467.75	32497.5	33766.583333333336	34332.416666666664	30660.833333333332	31119.75	31616.833333333332	31556.083333333332	32234.0	33399.833333333336	34527.5	34182.083333333336	34637.0	35358.416666666664
NCCHER9LFN	Cherokee County, NC	37039	9502.5	9256.416666666666	9203.833333333334	9304.583333333334	9462.666666666666	9844.916666666666	10114.75	10194.833333333334	11530.25	11984.083333333332	11499.333333333332	10275.0	9978.083333333334	9842.083333333334	9903.083333333334	10421.75	10546.25	10231.083333333334	9976.333333333334	9971.916666666666	11653.833333333332	11594.166666666668	11422.25	11263.25	11101.5	11124.583333333332	11145.833333333332	11179.0	11235.0	11336.416666666668
NCCHOW1LFN	Chowan County, NC	37041	6205.833333333333	6255.083333333333	6596.416666666667	6721.166666666667	6623.416666666667	6759.916666666667	6704.25	6671.833333333333	6616.666666666667	6745.5	6505.75	6437.166666666667	6340.5	6848.666666666667	6909.916666666667	6974.833333333333	7015.166666666667	7123.666666666667	6692.75	6533.333333333333	6150.5	5956.666666666667	5905.416666666667	5721.0	5677.333333333333	5642.166666666667	5601.833333333333	5601.75	5582.25	5644.083333333333
NCCLAY3LFN	Clay County, NC	37043	3241.5833333333335	3212.8333333333335	3181.0833333333335	3307.0833333333335	3349.6666666666665	3564.8333333333335	3702.6666666666665	3855.9166666666665	4206.916666666667	4331.0	4045.9166666666665	3969.1666666666665	4059.5	4197.416666666667	4380.083333333333	4502.166666666667	4685.666666666667	4902.5	4658.75	4604.0	4242.333333333333	4144.916666666667	4167.25	4054.3333333333335	4102.583333333333	4045.25	4051.4166666666665	3953.1666666666665	4111.666666666667	4169.666666666667
NCCLEV0LFN	Cleveland County, NC	37045	45805.25	46486.916666666664	46258.333333333336	45717.416666666664	45578.0	46883.416666666664	48240.0	47696.416666666664	46436.666666666664	45280.416666666664	49126.083333333336	49967.583333333336	48708.166666666664	48133.333333333336	47184.333333333336	47426.083333333336	47884.5	49360.0	48838.75	48587.166666666664	45632.333333333336	45873.0	45749.0	46531.166666666664	45967.333333333336	46106.0	46816.25	47508.583333333336	47966.25	49011.0
NCCOLU0LFN	Columbus County, NC	37047	22215.75	23939.833333333332	25042.75	25153.916666666668	26499.5	25822.25	24669.916666666668	24689.416666666668	23677.5	23237.083333333332	23571.416666666668	23288.083333333332	22786.833333333332	23487.083333333332	23610.666666666668	23690.5	23664.75	24348.0	24150.083333333332	24432.75	24184.083333333332	23939.75	23182.25	24083.916666666668	23018.666666666668	22619.083333333332	22597.916666666668	22296.75	22338.0	22652.416666666668
NCCRAV5LFN	Craven County, NC	37049	33728.833333333336	34328.5	35442.0	34225.166666666664	34460.833333333336	35185.583333333336	36402.416666666664	37754.333333333336	37870.416666666664	38120.166666666664	38689.083333333336	38718.5	38597.083333333336	40097.0	40180.833333333336	40794.25	41957.5	43233.166666666664	42094.75	42337.833333333336	42279.75	41925.0	41874.666666666664	41466.916666666664	41085.0	41358.166666666664	41760.5	41770.916666666664	41527.416666666664	42149.916666666664
NCCUMB2LFN	Cumberland County, NC	37051	103547.08333333333	107304.58333333333	109565.25	111569.33333333333	111501.0	113076.33333333333	117037.08333333333	119199.5	120515.58333333333	123115.66666666667	119608.16666666667	119622.91666666667	120118.16666666667	122696.33333333333	122891.5	127152.08333333333	129015.08333333333	129424.33333333333	133206.83333333334	137050.08333333334	131095.66666666666	132538.5	132432.58333333334	130857.83333333333	127528.91666666667	126315.91666666667	127349.0	127751.16666666667	127956.83333333333	130392.83333333333
NCCURR3LFN	Currituck County, NC	37053	7003.083333333333	7238.083333333333	7218.166666666667	7453.0	7648.333333333333	7966.083333333333	8390.25	8940.75	9139.833333333334	9340.083333333334	9247.5	9692.083333333334	9973.25	10736.833333333334	11380.833333333332	12065.083333333332	12644.833333333332	12530.166666666668	12793.166666666668	12704.25	12189.416666666668	12349.583333333332	12460.25	12600.916666666668	12710.5	12853.75	13154.083333333332	13587.666666666668	13632.833333333332	13837.0
NCDARE5LFN	Dare County, NC	37055	14153.333333333332	14610.166666666668	14973.416666666668	15057.25	15384.0	15999.333333333332	16745.666666666668	17838.666666666668	18103.833333333332	18585.083333333332	18832.083333333332	19159.083333333332	20752.5	21818.5	22351.833333333332	22518.75	22416.25	22662.5	21995.166666666668	21738.416666666668	19685.25	20053.75	20718.166666666668	20509.666666666668	20109.0	20307.916666666668	20004.583333333332	20120.416666666668	19850.833333333332	20113.0
NCDAVI4LFN	Davidson County, NC	37057	73052.25	73845.66666666667	75044.66666666667	74899.41666666667	75548.58333333333	76632.0	79384.41666666667	81037.16666666667	81053.83333333333	81753.5	79844.16666666667	80337.58333333333	79070.5	79379.75	78147.41666666667	78306.25	79638.16666666667	79344.66666666667	77716.41666666667	77564.5	80621.58333333333	79405.75	79611.41666666667	79304.0	78367.08333333333	78769.83333333333	79521.83333333333	79669.25	80112.33333333333	82333.58333333333
NCDAVI9LFN	Davie County, NC	37059	15741.666666666668	15666.833333333332	15613.0	15916.5	16101.583333333332	16426.5	17127.083333333332	17557.75	17849.0	18246.666666666668	18486.666666666668	18968.0	19041.166666666668	19367.166666666668	19364.916666666668	19825.5	20548.333333333332	20580.083333333332	20952.833333333332	20805.666666666668	20258.416666666668	19990.75	19995.166666666668	19960.833333333332	19674.333333333332	19856.333333333332	20171.833333333332	20354.833333333332	20474.25	21028.416666666668
NCDUPL1LFN	Duplin County, NC	37061	19857.833333333332	20626.25	21107.833333333332	20954.916666666668	20852.25	22461.416666666668	22695.916666666668	22779.666666666668	22196.666666666668	22980.916666666668	23486.25	22744.25	22905.166666666668	24366.583333333332	24341.083333333332	23659.5	23443.25	24279.666666666668	24026.666666666668	24427.333333333332	25810.25	26233.166666666668	26421.083333333332	26447.666666666668	26578.25	26499.083333333332	26507.0	25465.833333333332	24945.333333333332	25329.0
NCDURH8LFN	Durham County, NC	37063	102027.0	103496.75	106053.08333333333	106602.33333333333	107764.0	108662.16666666667	113361.41666666667	116792.41666666667	117808.91666666667	119112.0	122576.66666666667	126993.58333333333	127381.08333333333	127157.25	127848.5	129938.33333333333	134473.41666666666	136544.25	141312.58333333334	143682.0	143411.58333333334	145291.75	148699.41666666666	150359.41666666666	152917.75	156677.75	162119.33333333334	165334.25	167605.66666666666	170739.33333333334
NCEDGE5LFN	Edgecombe County, NC	37065	28251.916666666668	28762.666666666668	28482.0	27728.25	27122.916666666668	27523.666666666668	28910.916666666668	27271.916666666668	25922.75	25225.416666666668	25133.0	25430.916666666668	25140.083333333332	25090.083333333332	24479.333333333332	24223.583333333332	24277.5	24241.916666666668	24497.833333333332	24427.333333333332	25501.166666666668	24925.25	24357.833333333332	23959.5	23233.75	22828.583333333332	22422.916666666668	21947.0	21741.083333333332	21671.75
NCFORS5LFN	Forsyth County, NC	37067	145660.5	144690.25	146679.41666666666	147730.41666666666	150449.58333333334	151541.58333333334	156359.5	157977.41666666666	156808.25	157066.08333333334	162258.33333333334	164556.58333333334	165167.66666666666	166346.25	165876.41666666666	168092.33333333334	173022.75	173449.5	176952.75	179177.41666666666	173001.75	173620.66666666666	176409.25	177447.75	177240.16666666666	179806.41666666666	182658.08333333334	184876.41666666666	186121.83333333334	191045.5
NCFRAN9LFN	Franklin County, NC	37069	18842.083333333332	19537.5	19949.083333333332	20107.333333333332	20397.75	21219.333333333332	22568.416666666668	23330.916666666668	23586.416666666668	24194.75	24492.083333333332	25015.416666666668	25021.833333333332	25567.083333333332	25707.916666666668	25987.333333333332	26831.0	26930.166666666668	27744.0	27632.75	27954.083333333332	27940.833333333332	28165.166666666668	28238.166666666668	28289.5	28727.166666666668	29347.416666666668	30122.666666666668	30641.75	31491.083333333332
NCGAST0LFN	Gaston County, NC	37071	95440.66666666667	96092.5	96570.83333333333	96459.41666666667	97340.83333333333	98402.75	101935.0	101711.41666666667	99947.08333333333	102038.33333333333	100292.08333333333	102060.41666666667	99633.58333333333	98527.41666666667	96058.16666666667	96078.5	98058.83333333333	97592.16666666667	99629.08333333333	99832.58333333333	101248.25	100474.33333333333	100996.75	100807.25	100790.16666666667	102829.66666666667	105657.33333333333	107847.25	109603.75	113082.33333333333
NCGATE3LFN	Gates County, NC	37073	4080.75	4140.083333333333	4290.666666666667	4272.666666666667	4585.5	4567.583333333333	4666.75	4652.0	4664.25	4817.833333333333	4667.75	4672.916666666667	4670.25	4839.166666666667	4880.583333333333	4917.833333333333	4958.666666666667	4987.25	4853.666666666667	4821.833333333333	5459.5	5425.666666666667	5356.666666666667	5255.166666666667	5194.5	5146.083333333333	5190.833333333333	5282.583333333333	5309.0	5387.583333333333
NCGRAH5LFN	Graham County, NC	37075	3440.5833333333335	3652.6666666666665	4099.083333333333	4273.166666666667	4325.583333333333	4436.333333333333	4522.833333333333	4388.666666666667	4134.75	3877.8333333333335	3822.4166666666665	3931.75	3826.5833333333335	3878.0	3830.5833333333335	4038.9166666666665	4099.0	4678.083333333333	4371.166666666667	3696.25	3702.3333333333335	3616.8333333333335	3575.8333333333335	3515.5833333333335	3316.75	3187.5833333333335	3102.1666666666665	3129.6666666666665	3178.75	3264.0
NCGRAN7LFN	Granville County, NC	37077	19646.583333333332	19539.75	20870.5	21107.416666666668	21481.583333333332	21674.833333333332	22725.5	23474.333333333332	23570.666666666668	23566.75	22577.583333333332	23328.0	24006.833333333332	24345.333333333332	23938.75	23753.25	24260.75	25096.166666666668	25436.75	25624.916666666668	27383.083333333332	27862.083333333332	28301.083333333332	28334.75	28123.416666666668	28543.916666666668	29283.666666666668	30037.916666666668	29942.416666666668	30470.583333333332
NCGREE9LFN	Greene County, NC	37079	7495.083333333333	7696.666666666667	7780.666666666667	7781.333333333333	8032.5	8369.416666666666	8718.083333333334	9091.5	9225.583333333334	9418.0	8629.583333333334	8661.5	8515.166666666666	8896.5	8933.833333333334	8933.25	9110.166666666666	9174.0	9261.833333333334	9257.416666666666	9428.416666666666	9558.0	9651.916666666666	9410.5	9411.083333333334	9483.583333333334	9524.75	9554.5	9557.75	9628.916666666666
NCGUIL1LFN	Guilford County, NC	37081	200621.83333333334	202997.08333333334	205669.25	207287.33333333334	210103.66666666666	213738.0	220800.58333333334	224190.16666666666	223453.83333333334	225431.0	233796.08333333334	236815.33333333334	236931.0	238774.33333333334	237571.41666666666	240605.66666666666	246620.5	247291.41666666666	250557.16666666666	249714.83333333334	252010.0	253095.0	254739.08333333334	255227.66666666666	253254.08333333334	256391.66666666666	258494.5	260909.91666666666	260591.41666666666	264184.25
NCHALI0LFN	Halifax County, NC	37083	23886.333333333332	24323.333333333332	25146.666666666668	24959.583333333332	24356.75	24099.833333333332	24186.166666666668	23977.916666666668	23046.166666666668	23113.916666666668	22982.916666666668	22837.833333333332	22412.166666666668	23343.75	23430.75	23664.666666666668	23924.833333333332	24355.083333333332	23798.166666666668	24238.583333333332	22790.583333333332	22345.583333333332	21941.833333333332	21761.25	21260.583333333332	20780.75	20685.25	20571.166666666668	20243.0	20642.916666666668
NCHARN0LFN	Harnett County, NC	37085	31620.083333333332	31583.916666666668	31865.166666666668	32093.833333333332	32631.25	34548.333333333336	36171.833333333336	37837.083333333336	37946.5	36944.833333333336	42417.416666666664	43073.333333333336	42988.666666666664	43834.75	44270.666666666664	45309.583333333336	46729.666666666664	47956.583333333336	47888.916666666664	48254.833333333336	48774.0	49138.25	49718.833333333336	49675.75	49363.416666666664	50270.583333333336	51463.666666666664	52595.666666666664	52790.166666666664	53883.25
NCHAYW7LFN	Haywood County, NC	37087	22992.416666666668	23942.333333333332	24286.916666666668	23670.083333333332	23623.916666666668	23870.583333333332	25089.083333333332	26172.25	25041.0	24807.083333333332	25958.083333333332	26571.833333333332	26717.833333333332	27175.833333333332	26994.0	27124.916666666668	27603.25	27420.833333333332	27812.25	27812.333333333332	27599.416666666668	27509.75	27514.75	27581.333333333332	27241.333333333332	27663.25	28486.5	28963.0	29464.333333333332	30706.5
NCHEND0LFN	Henderson County, NC	37089	32414.5	32777.166666666664	33128.5	33382.083333333336	35090.666666666664	35925.75	36623.916666666664	37112.083333333336	37549.166666666664	39095.833333333336	42348.166666666664	43384.583333333336	43998.5	45369.583333333336	45446.416666666664	46266.5	47900.416666666664	48419.166666666664	49543.416666666664	49766.333333333336	48300.5	48401.416666666664	48588.083333333336	49053.333333333336	49410.083333333336	50681.333333333336	52300.833333333336	53527.0	54475.666666666664	56784.583333333336
NCHERT1LFN	Hertford County, NC	37091	10102.0	10182.25	10522.0	10501.0	10132.333333333334	10002.0	10175.833333333334	10680.416666666666	10355.5	10763.333333333334	9539.666666666666	9778.916666666666	9434.25	9727.0	9652.5	9807.583333333334	9718.0	9924.916666666666	9810.666666666666	10053.5	9829.25	9631.25	9573.833333333334	9502.083333333334	9380.833333333334	9225.416666666666	9316.166666666666	9189.0	9119.083333333334	9290.583333333334
NCHOKE3LFN	Hoke County, NC	37093	9720.583333333334	9764.333333333334	10056.916666666666	10354.416666666666	10787.416666666666	10853.833333333332	11222.833333333332	11431.916666666668	11705.25	12321.416666666668	14522.583333333332	14854.166666666668	15402.833333333332	16231.0	16891.333333333332	18402.0	19519.916666666668	19125.416666666668	19698.916666666668	20798.583333333332	18577.5	19450.583333333332	19831.416666666668	19761.25	19389.5	19838.25	19916.916666666668	19923.916666666668	19920.25	20300.583333333332
NCHYDE5LFN	Hyde County, NC	37095	2564.0833333333335	2760.1666666666665	2891.1666666666665	2848.8333333333335	2812.25	2892.0833333333335	3020.1666666666665	3130.0833333333335	3113.25	3199.1666666666665	2875.0	2762.8333333333335	2724.5	2847.8333333333335	2951.8333333333335	2906.5833333333335	2680.5	2689.0	2673.0833333333335	2626.6666666666665	2234.25	2114.1666666666665	2131.0	2160.5833333333335	2198.75	2145.3333333333335	2110.3333333333335	2100.8333333333335	2007.75	2036.8333333333333
NCIRED5LFN	Iredell County, NC	37097	52397.916666666664	53787.25	54706.166666666664	54871.75	55971.833333333336	57923.75	59902.916666666664	61736.75	62600.0	65229.416666666664	66142.08333333333	66457.83333333333	66827.33333333333	69315.91666666667	71145.83333333333	72392.33333333333	76657.33333333333	79856.75	78849.58333333333	78911.58333333333	78671.41666666667	78531.58333333333	79259.08333333333	79419.75	79926.83333333333	82218.83333333333	84567.25	86538.66666666667	87983.83333333333	90793.75
NCJACK9LFN	Jackson County, NC	37099	13595.25	13684.666666666668	14273.75	14482.5	14694.0	14931.416666666668	15614.166666666668	16367.416666666668	16446.416666666668	16610.25	17255.416666666668	19108.5	18935.25	19796.916666666668	19794.75	20510.916666666668	21525.666666666668	21883.5	20956.583333333332	20702.416666666668	18434.0	18070.666666666668	18072.75	18420.75	18360.25	18472.333333333332	18831.916666666668	19074.75	19483.583333333332	19983.833333333332
NCJOHN0LFN	Johnston County, NC	37101	44653.75	46153.916666666664	47285.416666666664	47760.75	48897.5	50833.416666666664	54376.25	57411.75	59881.083333333336	62203.416666666664	64266.083333333336	65957.66666666667	66207.58333333333	67607.66666666667	68795.75	70875.25	74089.41666666667	75088.33333333333	77790.25	78502.41666666667	81701.0	82456.41666666667	83522.33333333333	84435.66666666667	85843.33333333333	88197.08333333333	91594.66666666667	94443.83333333333	96136.16666666667	98797.33333333333
NCJONE3LFN	Jones County, NC	37103	4422.166666666667	4455.083333333333	4535.166666666667	4477.75	4499.0	4542.666666666667	4516.083333333333	4613.25	4546.0	4587.583333333333	4683.833333333333	4620.75	4659.25	4731.333333333333	4887.833333333333	4935.0	4806.666666666667	4820.666666666667	4696.333333333333	4621.083333333333	4598.166666666667	4582.666666666667	4589.083333333333	4538.25	4487.25	4549.583333333333	4515.25	4409.75	4379.083333333333	4437.166666666667
NCLEEC5LFN	Lee County, NC	37105	21231.083333333332	22094.0	23554.083333333332	24142.333333333332	25016.5	25988.333333333332	26431.166666666668	26902.25	29524.25	27151.083333333332	24696.5	24917.666666666668	25020.583333333332	25341.333333333332	25598.583333333332	25967.25	26236.833333333332	26469.5	25799.75	26037.666666666668	27095.166666666668	27227.75	27093.333333333332	26078.5	25011.666666666668	26101.416666666668	26231.916666666668	26585.833333333332	26419.833333333332	26477.0
NCLENO0LFN	Lenoir County, NC	37107	28261.25	28799.666666666668	29438.5	29055.5	29102.083333333332	29548.833333333332	30467.25	30546.833333333332	30469.666666666668	30678.833333333332	27834.166666666668	27555.666666666668	26786.166666666668	27178.583333333332	27292.166666666668	27694.916666666668	27443.083333333332	27935.333333333332	27008.333333333332	26971.083333333332	26874.083333333332	27600.333333333332	28488.833333333332	28501.666666666668	27844.333333333332	27752.666666666668	27652.25	28025.916666666668	27857.166666666668	28344.75
NCLINC9LFN	Lincoln County, NC	37109	28147.666666666668	28354.333333333332	28687.833333333332	29422.0	30406.083333333332	30937.333333333332	32034.166666666668	32162.75	32122.333333333332	32812.583333333336	34894.25	35622.666666666664	35393.25	36012.916666666664	35623.416666666664	36212.916666666664	37828.166666666664	39773.833333333336	39344.083333333336	39200.25	39984.5	39802.916666666664	39940.583333333336	39873.333333333336	39626.75	40631.333333333336	41096.916666666664	41933.166666666664	42654.083333333336	44060.166666666664
NCMACO3LFN	Macon County, NC	37113	11118.25	11596.416666666668	11919.333333333332	12166.916666666668	12257.75	12683.083333333332	13361.5	14106.333333333332	14137.916666666668	14304.5	14162.25	14530.916666666668	14994.5	15405.25	15393.083333333332	15622.666666666668	16118.583333333332	16643.166666666668	16284.833333333332	15922.0	15460.25	15483.5	15483.75	15200.166666666668	15033.0	15126.583333333332	15218.75	15235.5	15315.916666666668	15688.083333333332
NCMADI5LFN	Madison County, NC	37115	8215.25	8524.083333333334	8545.75	8561.25	8622.0	8659.166666666666	9141.416666666666	9377.166666666666	9350.583333333334	9303.5	9405.333333333334	9612.416666666666	9596.25	9697.5	9675.916666666666	9765.166666666666	9934.833333333334	9829.583333333334	10017.0	9908.166666666666	9389.166666666666	9435.583333333334	9488.916666666666	9486.25	9394.583333333334	9473.666666666666	9701.833333333334	9972.333333333334	10143.5	10569.75
NCMART7LFN	Martin County, NC	37117	12178.166666666668	13047.916666666668	13566.583333333332	12991.666666666668	12949.916666666668	12992.166666666668	12915.416666666668	12477.666666666668	11657.083333333332	11644.25	11835.333333333332	11750.0	11885.25	12222.333333333332	12005.75	12010.666666666668	11922.916666666668	12022.0	11890.75	11863.416666666668	10478.916666666666	10637.583333333334	10430.083333333334	10105.666666666666	9880.333333333334	9720.833333333334	9814.5	9592.833333333334	9295.333333333334	9118.333333333334
NCMCDO1LFN	McDowell County, NC	37111	18990.583333333332	19266.75	19440.333333333332	19376.416666666668	19824.0	20588.583333333332	20820.583333333332	20915.166666666668	20911.833333333332	20725.5	21487.083333333332	21327.416666666668	21430.5	21684.583333333332	21562.0	21130.666666666668	21072.5	21439.166666666668	20798.833333333332	20475.083333333332	20610.333333333332	20594.25	20596.083333333332	20426.166666666668	20795.0	21268.333333333332	21015.833333333332	20982.75	21145.5	20984.333333333332
NCMECK9LFN	Mecklenburg County, NC	37119	298112.25	301831.0	307185.4166666667	315947.1666666667	325817.1666666667	335486.3333333333	351137.6666666667	362553.6666666667	365515.5833333333	378980.4166666667	397029.0	409160.25	411447.3333333333	418024.25	416749.75	426529.0	445355.5	456735.5	466991.25	465775.4166666667	502428.25	513764.75	527788.0	537142.8333333334	547830.5	565536.25	583509.0833333334	600837.4166666666	611672.75	630610.0
NCMITC1LFN	Mitchell County, NC	37121	6935.333333333333	7379.25	7191.25	6843.833333333333	6677.583333333333	7056.916666666667	7488.833333333333	7567.0	7322.583333333333	7364.916666666667	7794.25	7805.583333333333	7708.333333333333	7709.333333333333	7541.25	7766.916666666667	7565.166666666667	7343.916666666667	7086.416666666667	7179.166666666667	6807.083333333333	6737.583333333333	6648.583333333333	6668.416666666667	6533.75	6313.166666666667	6188.166666666667	6099.416666666667	6025.666666666667	6026.5
NCMONT3LFN	Montgomery County, NC	37123	12071.0	12060.916666666668	12391.75	11840.0	11863.25	11893.416666666668	12223.833333333332	12335.25	12047.75	12302.833333333332	12797.083333333332	12771.166666666668	12674.0	12538.666666666668	12520.333333333332	12345.083333333332	12187.083333333332	11922.0	11301.75	11058.916666666668	11443.333333333332	11504.166666666668	11553.833333333332	11679.583333333332	11468.25	11630.0	11700.416666666668	11756.666666666668	11588.083333333332	11671.416666666668
NCMOOR0LFN	Moore County, NC	37125	27839.25	28178.833333333332	28631.083333333332	28649.833333333332	28592.0	28546.416666666668	29957.166666666668	30092.166666666668	30483.5	30947.75	34727.5	35126.166666666664	34907.416666666664	35532.666666666664	35749.333333333336	35747.916666666664	36355.416666666664	37188.833333333336	36370.083333333336	36266.833333333336	36324.5	37081.5	37474.333333333336	37899.416666666664	38166.916666666664	38305.75	39513.416666666664	39889.666666666664	41078.166666666664	42549.916666666664
NCNASH5LFN	Nash County, NC	37127	41427.0	43061.666666666664	43608.333333333336	43617.333333333336	43011.666666666664	44476.5	46177.166666666664	44942.5	44494.166666666664	44668.666666666664	43640.583333333336	44127.833333333336	43696.0	44358.25	44210.416666666664	44186.916666666664	44817.0	46369.333333333336	46885.416666666664	47358.333333333336	47452.583333333336	46919.583333333336	46109.583333333336	45332.166666666664	44228.75	43882.916666666664	43930.166666666664	43678.0	43287.75	43453.416666666664
NCNEWH9LFN	New Hanover County, NC	37129	65543.83333333333	68616.58333333333	70335.16666666667	71719.91666666667	73071.25	75083.16666666667	78832.08333333333	81238.91666666667	82120.25	83834.16666666667	87947.33333333333	89716.5	89692.08333333333	92071.16666666667	93888.66666666667	97891.41666666667	101711.58333333333	104304.16666666667	105443.58333333333	104718.16666666667	107582.41666666667	107500.66666666667	108851.0	109519.75	110518.33333333333	113437.33333333333	116062.5	119458.91666666667	120979.66666666667	124842.08333333333
NCNORT1LFN	Northampton County, NC	37131	8655.333333333334	8749.0	9029.0	8752.333333333334	8698.75	8511.0	8583.583333333334	8650.166666666666	8460.75	8561.166666666666	8720.416666666666	8638.666666666666	8496.916666666666	8850.333333333334	8832.333333333334	8941.5	8995.0	9083.083333333334	8667.083333333334	8632.416666666666	8702.416666666666	8630.25	8297.0	8158.083333333333	7941.583333333333	7869.083333333333	7815.583333333333	7746.333333333333	7627.75	7814.583333333333
NCONSL5LFN	Onslow County, NC	37133	41593.75	41981.666666666664	41762.0	42519.083333333336	43043.916666666664	43644.333333333336	45681.083333333336	48011.416666666664	48363.083333333336	50275.666666666664	53363.25	54279.416666666664	53487.0	53863.583333333336	55319.25	55995.5	58206.333333333336	59887.75	63010.166666666664	65808.5	63342.416666666664	62685.833333333336	63599.25	64041.666666666664	64003.75	63779.25	63721.833333333336	64578.666666666664	64341.25	65015.583333333336
NCORAN2LFN	Orange County, NC	37135	53321.333333333336	54732.416666666664	56165.25	57623.166666666664	59286.583333333336	60130.75	61821.833333333336	63872.666666666664	64455.25	65504.583333333336	65034.75	66565.08333333333	64852.75	64346.333333333336	64123.083333333336	65059.833333333336	67111.41666666667	67916.33333333333	69731.83333333333	69998.91666666667	69962.33333333333	70172.75	72076.75	72647.75	72654.91666666667	73403.75	74934.08333333333	76698.08333333333	77797.0	79384.75
NCPAML7LFN	Pamlico County, NC	37137	5048.583333333333	5118.416666666667	5273.0	5153.916666666667	5294.75	5439.25	5570.333333333333	5653.166666666667	5659.75	5659.0	5437.666666666667	5359.333333333333	5409.333333333333	5572.666666666667	5597.583333333333	5690.666666666667	5644.916666666667	5599.75	5413.333333333333	5297.166666666667	5501.916666666667	5480.5	5370.75	5329.666666666667	5300.083333333333	5337.833333333333	5408.666666666667	5390.25	5347.833333333333	5416.25
NCPASQ9LFN	Pasquotank County, NC	37139	13601.333333333332	13197.916666666668	13571.166666666668	13854.0	13945.666666666668	14524.166666666668	15069.166666666668	15349.416666666668	15373.333333333332	15631.5	15474.666666666668	15472.666666666668	15682.333333333332	16434.5	16989.583333333332	17238.916666666668	17834.0	18288.416666666668	17952.833333333332	17796.416666666668	18498.083333333332	18269.0	18123.583333333332	17676.333333333332	17272.916666666668	17457.583333333332	17398.25	17361.166666666668	17061.25	17055.916666666668
NCPEND1LFN	Pender County, NC	37141	13730.5	14299.916666666668	15289.25	13693.0	14378.166666666668	14977.5	16104.5	16614.333333333332	16881.583333333332	17417.666666666668	19510.5	19944.916666666668	20239.583333333332	20700.166666666668	21043.25	21914.0	23401.833333333332	23589.666666666668	24381.166666666668	24622.666666666668	24446.0	24621.333333333332	24879.583333333332	25024.916666666668	25302.5	26028.166666666668	26853.5	27981.75	28265.083333333332	29165.0
NCPERQ3LFN	Perquimans County, NC	37143	4493.333333333333	4357.083333333333	4398.75	4405.5	4412.0	4617.25	4824.5	4822.416666666667	4807.25	4908.25	4791.083333333333	4849.25	4838.666666666667	5013.166666666667	5093.25	5142.416666666667	5263.833333333333	5337.166666666667	5299.666666666667	5186.416666666667	5334.25	5302.333333333333	5266.0	5222.916666666667	5099.75	5157.833333333333	5101.5	5140.0	5045.333333333333	5074.916666666667
NCPERS5LFN	Person County, NC	37145	16696.083333333332	16484.25	16434.666666666668	16297.25	16030.666666666668	17204.0	18434.25	18427.833333333332	18022.916666666668	17722.833333333332	18211.666666666668	18818.5	18691.583333333332	18637.083333333332	18472.583333333332	18733.416666666668	19162.083333333332	18860.75	19014.833333333332	19190.083333333332	18703.75	18560.0	18393.5	18290.166666666668	17936.833333333332	17891.083333333332	18036.25	18032.916666666668	18261.166666666668	18639.75
NCPITT7LFN	Pitt County, NC	37147	57235.75	58248.916666666664	58228.833333333336	59055.333333333336	60940.416666666664	63823.25	65545.16666666667	66971.16666666667	67175.25	70161.41666666667	70106.0	69840.0	68699.25	71610.16666666667	71872.66666666667	73488.08333333333	76178.08333333333	79008.83333333333	80996.41666666667	82319.41666666667	85917.25	85776.5	87721.25	87886.41666666667	87449.25	87725.83333333333	88213.25	89333.41666666667	89960.66666666667	91195.91666666667
NCPOLK9LFN	Polk County, NC	37149	6926.166666666667	7364.666666666667	7369.0	7304.25	7431.25	7607.583333333333	7742.666666666667	7851.25	7839.916666666667	8288.0	8523.416666666666	8790.75	8637.0	8916.583333333334	8987.666666666666	9103.666666666666	9390.166666666666	9700.333333333334	9537.75	9447.083333333334	8561.166666666666	8444.583333333334	8348.75	8666.333333333334	8403.833333333334	8664.833333333334	8826.0	8920.583333333334	8968.833333333334	9173.25
NCRAND1LFN	Randolph County, NC	37151	63110.0	64011.0	64683.166666666664	64735.75	65878.16666666667	67168.41666666667	70463.08333333333	71718.83333333333	72090.08333333333	73324.66666666667	72548.25	73598.16666666667	73511.66666666667	74225.41666666667	73593.33333333333	74686.25	76469.08333333333	74237.66666666667	75058.58333333333	74264.83333333333	69398.75	68708.08333333333	68474.33333333333	67952.75	66615.16666666667	66670.58333333333	66896.25	66653.58333333333	66525.66666666667	67507.33333333333
NCRICH3LFN	Richmond County, NC	37153	22408.583333333332	22230.583333333332	21927.416666666668	21361.333333333332	21536.666666666668	21200.166666666668	21322.333333333332	20388.333333333332	19684.5	19662.833333333332	20953.5	21318.083333333332	20484.833333333332	20436.833333333332	20168.25	20124.666666666668	20215.916666666668	20691.5	20108.75	19972.75	18926.583333333332	18284.583333333332	17929.0	17436.083333333332	16930.916666666668	16932.833333333332	16791.0	16717.333333333332	16519.333333333332	16747.75
NCROBE7LFN	Robeson County, NC	37155	49199.333333333336	51263.416666666664	53893.25	54736.416666666664	54611.416666666664	55109.666666666664	55990.916666666664	56977.333333333336	56302.583333333336	55451.5	53760.083333333336	52319.166666666664	52035.916666666664	52390.666666666664	51795.666666666664	52340.25	53883.083333333336	56832.333333333336	55921.833333333336	55870.916666666664	53853.0	53472.833333333336	52818.75	52118.666666666664	51108.833333333336	51067.25	50554.833333333336	50199.75	49652.666666666664	50571.583333333336
NCROCK0LFN	Rockingham County, NC	37157	46705.25	46899.583333333336	47412.833333333336	47046.916666666664	47900.666666666664	47624.75	48722.166666666664	48471.0	46634.166666666664	46347.833333333336	46278.5	46637.083333333336	46461.0	46933.833333333336	45741.833333333336	45686.0	46067.083333333336	44567.5	44504.333333333336	43898.666666666664	44209.916666666664	43567.166666666664	43033.0	42155.666666666664	41106.166666666664	41137.833333333336	40856.166666666664	40579.166666666664	40498.416666666664	41031.083333333336
NCROWA5LFN	Rowan County, NC	37159	58514.5	58407.25	58908.416666666664	59489.583333333336	60884.833333333336	62466.666666666664	64939.833333333336	65816.41666666667	65532.333333333336	67260.25	65703.0	65452.75	65564.25	67700.16666666667	67890.08333333333	67802.75	69324.16666666667	70464.5	69966.91666666667	70582.58333333333	64327.666666666664	63504.333333333336	63310.416666666664	62822.916666666664	62421.666666666664	63119.25	64235.75	64775.666666666664	65774.33333333333	67908.75
NCRUTH5LFN	Rutherford County, NC	37161	30321.25	30834.25	30714.083333333332	30738.416666666668	30769.416666666668	30985.916666666668	31469.583333333332	31411.0	30346.5	29837.0	31081.916666666668	30690.75	30582.416666666668	31486.583333333332	30027.5	29472.583333333332	29745.916666666668	30294.916666666668	29663.25	28324.916666666668	26978.666666666668	26482.0	26779.833333333332	25934.666666666668	25447.5	25060.916666666668	24812.416666666668	24598.333333333332	24757.166666666668	25259.0
NCSAMP3LFN	Sampson County, NC	37163	23625.5	23127.75	23784.666666666668	23538.833333333332	23241.916666666668	23859.5	24045.833333333332	24540.583333333332	23986.916666666668	24246.166666666668	28931.75	29288.583333333332	29312.5	31164.666666666668	31370.583333333332	31202.25	31237.0	33022.333333333336	32367.833333333332	31302.916666666668	29557.916666666668	29686.166666666668	29696.916666666668	29661.083333333332	29629.166666666668	29555.833333333332	29517.333333333332	29414.25	29207.0	29772.75
NCSCOT5LFN	Scotland County, NC	37165	16598.833333333332	16902.833333333332	17227.0	17480.666666666668	17570.916666666668	17660.083333333332	18154.583333333332	18145.25	17812.25	17970.416666666668	15771.75	16077.0	15857.25	16230.583333333332	15353.5	15075.666666666668	14801.166666666668	14506.416666666668	13887.166666666668	13789.333333333332	13097.666666666668	12855.166666666668	12462.333333333332	12249.833333333332	11990.75	11864.5	11636.166666666668	11504.916666666668	11456.0	11636.833333333332
NCSTAN7LFN	Stanly County, NC	37167	28394.75	28662.166666666668	28406.916666666668	27933.916666666668	27220.833333333332	27063.0	27488.833333333332	27747.916666666668	27675.583333333332	27971.0	29930.166666666668	29543.333333333332	29181.416666666668	29719.5	29188.916666666668	29474.583333333332	30040.416666666668	30680.916666666668	30088.416666666668	30270.083333333332	29064.0	28832.833333333332	28752.166666666668	28855.25	28518.416666666668	28808.75	29288.833333333332	29782.25	29882.583333333332	31259.833333333332
NCSTOK9LFN	Stokes County, NC	37169	20461.583333333332	20379.333333333332	20749.25	20820.916666666668	21382.166666666668	22013.666666666668	22923.333333333332	23367.333333333332	23474.333333333332	23839.416666666668	24006.666666666668	24193.0	23948.833333333332	24040.583333333332	23794.5	23943.833333333332	24264.5	23807.416666666668	24086.833333333332	23500.416666666668	22846.333333333332	22506.333333333332	22391.333333333332	22180.25	21776.25	21812.916666666668	21874.666666666668	21647.666666666668	21781.5	22369.0
NCSURR0LFN	Surry County, NC	37171	33750.0	34495.333333333336	35341.083333333336	35334.333333333336	35840.166666666664	36439.916666666664	36702.333333333336	36846.166666666664	36124.833333333336	35568.166666666664	37094.583333333336	36837.166666666664	36054.166666666664	36201.25	35469.25	34916.5	34968.916666666664	35131.416666666664	34131.916666666664	33727.5	34422.75	33831.75	33650.916666666664	33279.416666666664	32998.0	33342.083333333336	33525.25	33623.5	34033.416666666664	34539.25
NCSWAI3LFN	Swain County, NC	37173	5806.416666666667	6163.083333333333	6349.75	6135.583333333333	6025.083333333333	5963.0	6156.666666666667	6356.75	5867.416666666667	6180.166666666667	6212.416666666667	6721.333333333333	6601.75	6742.5	6642.583333333333	6868.666666666667	7254.583333333333	7291.75	6932.25	6794.583333333333	6269.166666666667	6484.0	6521.916666666667	6598.25	6486.166666666667	6778.083333333333	7118.583333333333	6846.583333333333	6912.0	6886.0
NCTRAN5LFN	Transylvania County, NC	37175	11720.416666666668	11911.083333333332	11992.666666666668	11509.5	11440.25	11117.5	11296.25	11665.333333333332	11738.416666666668	11632.5	13439.0	13370.083333333332	13170.333333333332	12675.5	12200.25	12360.916666666668	12626.666666666668	13356.583333333332	13344.5	13232.333333333332	13805.333333333332	13392.916666666668	13455.583333333332	13397.583333333332	13338.75	13551.833333333332	13959.75	14222.166666666668	14275.0	14799.5
NCTYRR7LFN	Tyrrell County, NC	37177	1874.1666666666667	1869.6666666666667	1956.8333333333333	1899.6666666666667	1824.0	1832.5	1828.1666666666667	1835.4166666666667	1916.75	1900.8333333333333	1886.5833333333333	1892.0	2012.4166666666667	2143.0833333333335	2177.0833333333335	2185.1666666666665	2120.5833333333335	2213.4166666666665	2203.9166666666665	2205.25	1659.5833333333333	1633.1666666666667	1583.5	1562.0833333333333	1553.4166666666667	1547.3333333333333	1529.8333333333333	1494.5	1456.4166666666667	1476.25
NCUNIO5LFN	Union County, NC	37179	46314.0	47154.083333333336	48319.416666666664	49810.5	51890.833333333336	53830.5	56746.916666666664	58789.5	60235.0	63466.75	67442.0	70966.5	73564.58333333333	76383.25	78466.91666666667	82301.66666666667	88956.41666666667	91671.66666666667	95591.66666666667	95384.25	101154.16666666667	102403.91666666667	104230.16666666667	105687.91666666667	108766.75	112371.0	115776.08333333333	119169.5	121249.5	125100.41666666667
NCVANC1LFN	Vance County, NC	37181	20350.833333333332	20499.166666666668	20624.833333333332	19942.416666666668	19717.916666666668	19529.916666666668	20047.583333333332	20043.583333333332	19629.75	20146.0	20297.583333333332	20242.166666666668	19986.333333333332	19949.25	19299.5	18975.5	18772.833333333332	19621.833333333332	19521.75	19363.5	19018.083333333332	18645.333333333332	18485.666666666668	18128.25	18053.5	18054.083333333332	18004.583333333332	17896.666666666668	17444.0	17528.5
NCWAKE3LFN	Wake County, NC	37183	254507.66666666666	261842.58333333334	272810.3333333333	281383.4166666667	292361.5833333333	302959.5	324019.25	339968.0	350588.0	361378.75	367402.6666666667	378060.75	377840.5	385646.6666666667	390142.75	403861.3333333333	427015.5	441588.8333333333	456088.3333333333	459057.0833333333	480564.9166666667	487849.6666666667	502453.6666666667	511268.0	523321.9166666667	539720.5833333334	556721.5	573623.9166666666	584547.5833333334	600452.9166666666
NCWARR5LFN	Warren County, NC	37185	7461.583333333333	7758.583333333333	7644.583333333333	7307.916666666667	7146.416666666667	7229.416666666667	7522.25	7266.0	7346.25	7429.916666666667	8154.416666666667	8160.583333333333	7932.5	8192.833333333334	8273.25	8015.0	7886.166666666667	7795.0	7765.5	7900.0	7549.583333333333	7640.583333333333	7578.25	7300.833333333333	7218.0	7214.833333333333	7142.833333333333	6827.0	6573.416666666667	6628.0
NCWASH7LFN	Washington County, NC	37187	6170.0	6514.083333333333	6213.333333333333	6098.166666666667	6114.666666666667	6255.083333333333	6108.583333333333	5995.583333333333	6127.166666666667	6345.833333333333	5981.666666666667	5943.166666666667	5985.25	6188.083333333333	6107.75	6110.166666666667	6116.416666666667	6412.083333333333	6145.0	6230.0	5692.166666666667	4988.916666666667	4871.083333333333	5300.666666666667	5039.333333333333	4968.666666666667	4865.5	4771.75	4627.833333333333	4540.583333333333
NCWATA9LFN	Watauga County, NC	37189	19783.083333333332	20119.5	20824.5	21153.416666666668	22005.083333333332	22634.583333333332	22932.333333333332	23360.666666666668	23489.666666666668	23981.916666666668	23316.166666666668	23710.5	22191.0	22739.666666666668	22673.166666666668	23171.666666666668	23842.5	24742.833333333332	22997.166666666668	23040.75	26882.5	27002.166666666668	27058.416666666668	26954.583333333332	27025.083333333332	27403.166666666668	27949.416666666668	28580.75	28832.583333333332	29790.583333333332
NCWAYN1LFN	Wayne County, NC	37191	47997.666666666664	49383.166666666664	47748.333333333336	46920.5	48401.75	48775.0	49094.166666666664	50352.666666666664	49943.0	50504.0	51075.5	51606.25	50606.916666666664	51591.083333333336	51025.833333333336	51134.666666666664	52106.916666666664	52721.75	53513.333333333336	53940.083333333336	54807.5	54884.666666666664	55376.25	54777.75	53842.75	53752.916666666664	53557.666666666664	53422.333333333336	52730.833333333336	53138.666666666664
NCWILK5LFN	Wilkes County, NC	37193	31785.916666666668	32291.5	32829.583333333336	32134.5	32420.833333333332	33075.916666666664	33489.666666666664	33165.416666666664	32633.416666666668	33831.0	34109.916666666664	33682.25	33239.75	33636.083333333336	33174.916666666664	32851.833333333336	31410.0	31356.333333333332	30140.75	30171.083333333332	31081.083333333332	31094.583333333332	30584.75	29953.833333333332	29531.916666666668	29639.333333333332	30204.75	30929.333333333332	30229.833333333332	29818.083333333332
NCWILS0LFN	Wilson County, NC	37195	35240.666666666664	35279.166666666664	36435.833333333336	36734.916666666664	35938.333333333336	36193.916666666664	35823.916666666664	36852.583333333336	36625.583333333336	37901.083333333336	37314.25	37910.25	37990.0	38986.666666666664	38649.583333333336	38996.416666666664	39774.333333333336	40723.916666666664	39932.416666666664	39660.333333333336	38232.5	38257.916666666664	38327.333333333336	38145.666666666664	37614.25	36765.583333333336	36488.833333333336	35971.583333333336	35342.0	35185.333333333336
NCYADK7LFN	Yadkin County, NC	37197	16442.583333333332	16381.416666666668	16586.333333333332	16714.5	16976.083333333332	17711.583333333332	18336.833333333332	18674.5	18593.25	18820.166666666668	19130.916666666668	19352.166666666668	19384.666666666668	19424.666666666668	19096.5	19163.5	19560.166666666668	19085.833333333332	19327.416666666668	18744.0	18198.166666666668	17963.416666666668	17964.5	17877.0	17519.916666666668	17498.0	17612.416666666668	17702.75	17790.833333333332	18286.0
NCYANC9LFN	Yancey County, NC	37199	6716.833333333333	6567.916666666667	6631.0	6322.833333333333	6638.916666666667	6251.5	6324.833333333333	6528.25	6616.083333333333	6795.083333333333	8537.916666666666	8240.25	7983.0	8087.5	7880.666666666667	7870.333333333333	7946.0	8076.916666666667	7760.166666666667	7877.833333333333	7809.666666666667	7873.666666666667	7974.916666666667	7807.0	7487.916666666667	7418.25	7478.916666666667	7429.833333333333	8244.833333333334	8517.416666666666
