GeoFIPS	GeoName	Region	TableName	LineCode	IndustryClassification	Description	Unit	2001	2002	2003	2004	2005	2006	2007	2008	2009	2010	2011	2012	2013	2014	2015	2016	2017	2018	2019
 37000	North Carolina	5.0	CAINC5N	81.0	111-112	 Farm earnings	Thousands of dollars	3122222	1514875	1595170	2374414	3208411	2606730	2293231	2242865	2268739	2398986	2062732	2890330	3413284	3693704	3276122	2558212	3272283	1852409	2098316
 37001	Alamance, NC	5.0	CAINC5N	81.0	111-112	 Farm earnings	Thousands of dollars	16481	5171	10726	11196	14720	12589	11611	5659	2932	2605	-534	5692	7505	9298	6266	482	1452	-5259	-4076
 37003	Alexander, NC	5.0	CAINC5N	81.0	111-112	 Farm earnings	Thousands of dollars	29093	14444	20658	25707	40924	36099	28358	4223	19830	22942	4030	14206	29228	48235	62782	39327	47194	30811	22067
 37005	Alleghany, NC	5.0	CAINC5N	81.0	111-112	 Farm earnings	Thousands of dollars	28688	23930	24847	24656	26256	15168	16718	15920	19030	16988	16086	15412	3578	7356	7313	4044	6642	2970	4094
 37007	Anson, NC	5.0	CAINC5N	81.0	111-112	 Farm earnings	Thousands of dollars	50319	18226	14959	24908	24384	32804	27688	13744	15602	27468	18315	32726	42462	64760	94195	70180	88394	69154	53439
 37009	Ashe, NC	5.0	CAINC5N	81.0	111-112	 Farm earnings	Thousands of dollars	35533	25528	24258	24983	18323	23265	21853	16694	27997	28887	26447	35793	27072	15544	2817	-1672	-3180	-9028	-6423
 37011	Avery, NC	5.0	CAINC5N	81.0	111-112	 Farm earnings	Thousands of dollars	35469	28059	20153	18805	25137	8851	13854	8499	14134	13730	12737	16927	12506	7950	2511	2391	770	-1227	58
 37013	Beaufort, NC	5.0	CAINC5N	81.0	111-112	 Farm earnings	Thousands of dollars	35665	8199	20452	29692	48933	32407	28612	35912	33950	25597	26438	56035	47220	32943	11027	23106	29367	14221	29813
 37015	Bertie, NC	5.0	CAINC5N	81.0	111-112	 Farm earnings	Thousands of dollars	35088	16838	21572	20753	22354	15406	26722	30802	35002	31160	13234	34499	38015	46143	51759	44333	69864	44231	51336
 37017	Bladen, NC	5.0	CAINC5N	81.0	111-112	 Farm earnings	Thousands of dollars	64567	20222	40085	67439	65728	42532	48084	72318	72019	95824	90052	85752	132290	144531	117467	96716	132255	78382	76251
 37019	Brunswick, NC	5.0	CAINC5N	81.0	111-112	 Farm earnings	Thousands of dollars	13164	8156	7484	8971	10504	10932	10872	10127	11652	11883	12974	21270	23125	18785	10730	8762	10366	3523	6660
 37021	Buncombe, NC	5.0	CAINC5N	81.0	111-112	 Farm earnings	Thousands of dollars	17707	4947	12466	20908	30033	38865	16940	23141	23600	19666	22055	20837	22330	27026	30371	25342	28265	20412	27558
 37023	Burke, NC	5.0	CAINC5N	81.0	111-112	 Farm earnings	Thousands of dollars	29090	24295	17233	15604	20249	16612	12788	6378	7107	6531	3783	8023	9420	11943	20389	14322	15135	10148	7880
 37025	Cabarrus, NC	5.0	CAINC5N	81.0	111-112	 Farm earnings	Thousands of dollars	15477	7510	6655	11232	12305	14505	12374	7700	5177	5755	5312	12703	16230	19164	23545	18134	22132	13706	14841
 37027	Caldwell, NC	5.0	CAINC5N	81.0	111-112	 Farm earnings	Thousands of dollars	20128	11742	11663	15372	20317	20988	8061	7505	7672	7749	6445	7872	8793	13420	16007	15789	16800	13726	12882
 37029	Camden, NC	5.0	CAINC5N	81.0	111-112	 Farm earnings	Thousands of dollars	6263	4993	5812	3884	10302	4923	6733	7097	7088	3736	8567	12459	12419	6209	2945	3423	3334	1885	3394
 37031	Carteret, NC	5.0	CAINC5N	81.0	111-112	 Farm earnings	Thousands of dollars	2707	1925	2703	1800	1597	2764	3589	20162	25703	32178	38783	7841	7534	2296	2276	2700	2576	2084	2632
 37033	Caswell, NC	5.0	CAINC5N	81.0	111-112	 Farm earnings	Thousands of dollars	13166	9880	10964	13507	7446	8948	9459	18632	18070	15952	6502	16401	20113	21598	15845	12116	12422	6174	6340
 37035	Catawba, NC	5.0	CAINC5N	81.0	111-112	 Farm earnings	Thousands of dollars	13965	3763	6792	8822	18743	15261	8868	6129	13931	14546	5841	10958	13701	18208	22522	14480	18609	9261	9637
 37037	Chatham, NC	5.0	CAINC5N	81.0	111-112	 Farm earnings	Thousands of dollars	64844	22551	29824	38248	43070	37926	34535	-282	10210	20008	532	15180	23322	35251	54670	28130	30739	12259	6017
 37039	Cherokee, NC	5.0	CAINC5N	81.0	111-112	 Farm earnings	Thousands of dollars	4220	1548	1283	3246	7014	6111	3533	5362	6038	5645	5645	5577	9323	10274	9606	8434	8695	5268	5754
 37041	Chowan, NC	5.0	CAINC5N	81.0	111-112	 Farm earnings	Thousands of dollars	33124	21574	20305	22196	38148	26612	16941	6761	11436	2146	14372	16125	13670	6814	5805	5768	9193	4572	11741
 37043	Clay, NC	5.0	CAINC5N	81.0	111-112	 Farm earnings	Thousands of dollars	783	201	433	636	1054	274	122	-382	-1369	-2893	-3038	-3583	-2879	-6916	-7803	-9473	-10829	-12913	-12004
 37045	Cleveland, NC	5.0	CAINC5N	81.0	111-112	 Farm earnings	Thousands of dollars	20368	7225	1740	19288	31178	13583	14516	4009	5261	9291	-1215	7467	13919	29008	36919	26084	34853	24319	16716
 37047	Columbus, NC	5.0	CAINC5N	81.0	111-112	 Farm earnings	Thousands of dollars	59520	16266	17547	24595	55975	37159	25854	49462	30589	43122	44018	55638	71894	56659	30142	34680	50196	25088	41275
 37049	Craven, NC	5.0	CAINC5N	81.0	111-112	 Farm earnings	Thousands of dollars	37392	13611	17454	28892	44710	31985	11963	24117	20949	17909	13421	21611	19271	15203	7258	10766	17559	5891	15460
 37051	Cumberland, NC	5.0	CAINC5N	81.0	111-112	 Farm earnings	Thousands of dollars	25087	2050	1454	22605	19947	38911	17280	25664	19403	18773	21788	33660	38763	37813	25169	25924	32329	19937	23248
 37053	Currituck, NC	5.0	CAINC5N	81.0	111-112	 Farm earnings	Thousands of dollars	1911	-394	2294	3707	9186	8201	4092	6562	1486	537	4914	6313	5339	848	-553	-267	520	-2141	-623
 37055	Dare, NC	5.0	CAINC5N	81.0	111-112	 Farm earnings	Thousands of dollars	0	0	0	0	0	0	0	0	0	0	0	0	0	0	0	0	0	0	0
 37057	Davidson, NC	5.0	CAINC5N	81.0	111-112	 Farm earnings	Thousands of dollars	6845	2105	3404	4549	8538	8148	9468	8008	4815	9958	9431	16251	14713	16309	14582	12272	11112	3879	5444
 37059	Davie, NC	5.0	CAINC5N	81.0	111-112	 Farm earnings	Thousands of dollars	5947	2058	1866	5798	10120	8300	3727	8552	1308	744	3377	4869	6385	5517	3764	2638	5028	-681	1325
 37061	Duplin, NC	5.0	CAINC5N	81.0	111-112	 Farm earnings	Thousands of dollars	167129	77068	76609	120767	158458	137838	177633	230515	216411	289218	223225	261026	352792	402866	308131	217738	288505	173033	175629
 37063	Durham, NC	5.0	CAINC5N	81.0	111-112	 Farm earnings	Thousands of dollars	5500	3589	4173	6055	9538	9329	13276	14439	11854	8940	7685	8981	9230	8966	8935	8789	10235	7393	8985
 37065	Edgecombe, NC	5.0	CAINC5N	81.0	111-112	 Farm earnings	Thousands of dollars	60230	24912	30524	38953	55772	40825	21445	30392	36287	31503	34352	39161	41375	41307	36059	41751	62316	35165	48936
 37067	Forsyth, NC	5.0	CAINC5N	81.0	111-112	 Farm earnings	Thousands of dollars	4523	3556	4161	3922	3688	3101	4985	10161	10804	7543	8601	15558	13032	12619	9234	8330	7952	5010	7538
 37069	Franklin, NC	5.0	CAINC5N	81.0	111-112	 Farm earnings	Thousands of dollars	35957	12096	11043	23986	13839	14561	16340	27988	25651	12889	18509	32849	30270	35766	30118	26879	29196	18728	22665
 37071	Gaston, NC	5.0	CAINC5N	81.0	111-112	 Farm earnings	Thousands of dollars	10613	5367	3327	6487	11642	7746	2713	1294	1031	1764	694	1051	3680	6397	7954	7085	9897	6661	6771
 37073	Gates, NC	5.0	CAINC5N	81.0	111-112	 Farm earnings	Thousands of dollars	16864	9975	18340	17278	25071	19773	13680	5394	6647	6843	8392	11449	11512	12494	10498	10426	19136	12900	16813
 37075	Graham, NC	5.0	CAINC5N	81.0	111-112	 Farm earnings	Thousands of dollars	732	254	279	325	970	616	469	1741	1912	1399	1538	1474	1561	1713	1129	1059	789	373	505
 37077	Granville, NC	5.0	CAINC5N	81.0	111-112	 Farm earnings	Thousands of dollars	19221	9814	11614	17928	12405	12165	5459	17580	15558	13275	9228	15490	14378	18107	11827	12017	14191	5325	7719
 37079	Greene, NC	5.0	CAINC5N	81.0	111-112	 Farm earnings	Thousands of dollars	44311	15741	18282	25814	26085	22368	24094	28023	34003	42455	50511	61064	83761	82137	64702	52124	61827	37502	42243
 37081	Guilford, NC	5.0	CAINC5N	81.0	111-112	 Farm earnings	Thousands of dollars	37365	19192	18221	24986	31166	29712	19317	24408	22382	20717	20346	29281	22503	22441	16735	9131	7675	815	3470
 37083	Halifax, NC	5.0	CAINC5N	81.0	111-112	 Farm earnings	Thousands of dollars	40929	19531	28532	37588	52966	38554	32865	15063	10884	12695	30119	22978	23180	9714	8584	12183	33081	14099	24536
 37085	Harnett, NC	5.0	CAINC5N	81.0	111-112	 Farm earnings	Thousands of dollars	53433	22447	11195	43289	84789	73466	31942	53781	45413	36588	14095	30909	44149	54812	47656	38331	54104	40310	34260
 37087	Haywood, NC	5.0	CAINC5N	81.0	111-112	 Farm earnings	Thousands of dollars	10963	6012	7265	6870	9913	6244	7382	7509	4802	4153	4979	3304	5842	6089	4754	3695	4087	817	1866
 37089	Henderson, NC	5.0	CAINC5N	81.0	111-112	 Farm earnings	Thousands of dollars	57228	43968	43909	42475	66888	64217	29732	38237	45025	38528	35308	32457	30417	31525	35456	33308	33434	21917	27390
 37091	Hertford, NC	5.0	CAINC5N	81.0	111-112	 Farm earnings	Thousands of dollars	29534	24726	19171	26761	33252	20447	19974	10823	10923	9728	332	19347	18340	17331	19409	12727	21776	6479	9232
 37093	Hoke, NC	5.0	CAINC5N	81.0	111-112	 Farm earnings	Thousands of dollars	19574	6789	6041	17249	18673	16485	8998	14088	11993	18824	21163	24387	30973	27988	21419	18638	24919	16517	20349
 37095	Hyde, NC	5.0	CAINC5N	81.0	111-112	 Farm earnings	Thousands of dollars	13908	9521	14862	16030	27777	20505	31549	2132	3170	-11306	-2406	29412	28562	10306	9352	10989	10012	5435	9634
 37097	Iredell, NC	5.0	CAINC5N	81.0	111-112	 Farm earnings	Thousands of dollars	64559	47107	66535	57004	57141	41362	35806	22365	3863	11041	27633	33605	36180	52102	40044	25355	32916	13824	20243
 37099	Jackson, NC	5.0	CAINC5N	81.0	111-112	 Farm earnings	Thousands of dollars	8294	5072	5940	9550	12330	10920	14177	11082	8799	6865	5337	4240	1212	917	1081	885	756	-377	452
 37101	Johnston, NC	5.0	CAINC5N	81.0	111-112	 Farm earnings	Thousands of dollars	98866	29686	27226	54423	69134	58010	49246	59498	65950	55269	61649	64950	69017	80344	53612	45579	57952	28521	34935
 37103	Jones, NC	5.0	CAINC5N	81.0	111-112	 Farm earnings	Thousands of dollars	34581	10685	5859	21468	34765	22842	20014	10346	14206	28002	32667	44317	49007	49175	24667	20706	35270	13236	26137
 37105	Lee, NC	5.0	CAINC5N	81.0	111-112	 Farm earnings	Thousands of dollars	16121	8787	6775	11657	20334	13707	14067	10583	6094	3809	-1155	7670	11405	14291	13590	10613	14353	7592	4913
 37107	Lenoir, NC	5.0	CAINC5N	81.0	111-112	 Farm earnings	Thousands of dollars	25087	14305	11595	8693	18503	10377	35234	48223	46505	47915	68959	95569	93417	97778	73781	54220	65465	26886	31257
 37109	Lincoln, NC	5.0	CAINC5N	81.0	111-112	 Farm earnings	Thousands of dollars	7868	6710	5971	8677	10435	8291	6857	3982	528	1608	2680	3946	9147	12438	13279	6498	8983	2122	1592
 37111	McDowell, NC	5.0	CAINC5N	81.0	111-112	 Farm earnings	Thousands of dollars	19906	14737	11618	9892	13651	13637	9632	9022	10648	8806	6070	8229	6503	7989	11296	9676	9999	7631	9821
 37113	Macon, NC	5.0	CAINC5N	81.0	111-112	 Farm earnings	Thousands of dollars	4326	2888	2242	1846	2525	1980	1493	4141	4679	3600	3510	3428	3482	4620	6283	3827	4991	2810	3067
 37115	Madison, NC	5.0	CAINC5N	81.0	111-112	 Farm earnings	Thousands of dollars	8109	2971	2976	4987	9519	3326	2324	2023	1998	2275	2638	2857	2577	1165	-137	-790	-1136	-2808	-2266
 37117	Martin, NC	5.0	CAINC5N	81.0	111-112	 Farm earnings	Thousands of dollars	16368	6223	16282	19624	35018	23216	16567	13527	22080	19085	12795	36163	17951	4992	3385	5656	8770	1107	11624
 37119	Mecklenburg, NC	5.0	CAINC5N	81.0	111-112	 Farm earnings	Thousands of dollars	53081	44116	30344	23285	21979	26867	33432	27535	36851	37777	35902	59815	51080	54493	78963	69953	74920	59658	81112
 37121	Mitchell, NC	5.0	CAINC5N	81.0	111-112	 Farm earnings	Thousands of dollars	5514	3214	2673	2867	4824	425	2290	-1259	1651	1567	1079	1072	481	1245	-311	189	-1048	-1592	-1527
 37123	Montgomery, NC	5.0	CAINC5N	81.0	111-112	 Farm earnings	Thousands of dollars	35670	22230	18980	19459	31814	26091	19814	3240	5028	8413	-969	8607	20923	33382	47181	31911	38307	27989	19157
 37125	Moore, NC	5.0	CAINC5N	81.0	111-112	 Farm earnings	Thousands of dollars	57415	25249	13402	32201	68402	26036	34692	17935	22575	35407	23308	44000	55582	66878	56030	44036	48463	33299	26411
 37127	Nash, NC	5.0	CAINC5N	81.0	111-112	 Farm earnings	Thousands of dollars	51857	23676	19717	38695	51779	41675	41919	49339	52784	38677	34469	36290	40867	50845	43992	37785	46916	19669	32031
 37129	New Hanover, NC	5.0	CAINC5N	81.0	111-112	 Farm earnings	Thousands of dollars	3323	1878	1812	1984	2682	3399	1797	1587	2003	2244	2355	3523	6331	8510	14617	14209	16960	15042	19156
 37131	Northampton, NC	5.0	CAINC5N	81.0	111-112	 Farm earnings	Thousands of dollars	49299	17418	39417	44350	62029	45045	27633	10426	16338	3788	19914	28579	21371	7070	2095	3058	21543	11893	25763
 37133	Onslow, NC	5.0	CAINC5N	81.0	111-112	 Farm earnings	Thousands of dollars	35247	12987	6990	11467	27398	8549	22740	38670	34652	56648	49746	67420	74093	78255	62896	51906	64347	48486	48267
 37135	Orange, NC	5.0	CAINC5N	81.0	111-112	 Farm earnings	Thousands of dollars	19800	11993	11319	15053	18364	18013	13263	20452	17346	16260	11898	16117	17201	19118	17072	15229	18567	10941	14564
 37137	Pamlico, NC	5.0	CAINC5N	81.0	111-112	 Farm earnings	Thousands of dollars	8109	4447	5419	5302	12860	9074	9369	8769	6801	7088	10856	12592	12744	9165	1619	3141	2824	483	4204
 37139	Pasquotank, NC	5.0	CAINC5N	81.0	111-112	 Farm earnings	Thousands of dollars	18003	10576	16025	16399	33090	28971	20259	6934	2877	1703	6583	16825	15566	7159	1278	2995	5384	-834	5428
 37141	Pender, NC	5.0	CAINC5N	81.0	111-112	 Farm earnings	Thousands of dollars	35652	15479	9975	27633	40134	24894	39410	50507	49636	56054	40644	45193	59857	67364	56934	50729	64718	42364	47516
 37143	Perquimans, NC	5.0	CAINC5N	81.0	111-112	 Farm earnings	Thousands of dollars	21183	6323	14409	15166	32547	30706	18448	14832	12857	11957	17485	22793	10622	6572	627	2110	10998	459	8598
 37145	Person, NC	5.0	CAINC5N	81.0	111-112	 Farm earnings	Thousands of dollars	6500	451	1500	8775	3858	8601	5854	15545	10274	8574	7298	16084	13893	18156	11420	9783	11714	1484	5421
 37147	Pitt, NC	5.0	CAINC5N	81.0	111-112	 Farm earnings	Thousands of dollars	29737	16563	20802	27778	25669	26185	33327	41823	44732	40630	42821	64263	61643	63004	42875	40743	51077	21795	31534
 37149	Polk, NC	5.0	CAINC5N	81.0	111-112	 Farm earnings	Thousands of dollars	3359	1779	3917	6118	6412	8236	9111	16918	9053	6956	5614	3795	5405	6406	6104	6287	6851	4199	5313
 37151	Randolph, NC	5.0	CAINC5N	81.0	111-112	 Farm earnings	Thousands of dollars	78425	35549	44309	58163	69206	64917	52398	14129	30800	41269	6594	31243	53837	77247	88153	61611	73595	41279	33405
 37153	Richmond, NC	5.0	CAINC5N	81.0	111-112	 Farm earnings	Thousands of dollars	33100	19044	6819	29432	40669	28649	21098	2548	11566	22199	7485	18497	33758	50003	58703	42359	57336	43083	34668
 37155	Robeson, NC	5.0	CAINC5N	81.0	111-112	 Farm earnings	Thousands of dollars	72523	20463	21429	51143	67953	53961	42164	77794	73857	63423	41053	69394	110708	94865	77145	63017	93586	49330	63886
 37157	Rockingham, NC	5.0	CAINC5N	81.0	111-112	 Farm earnings	Thousands of dollars	20597	9243	9981	16608	13668	15251	7415	21287	16599	13489	9008	16559	17266	22363	18641	16739	21445	10904	12191
 37159	Rowan, NC	5.0	CAINC5N	81.0	111-112	 Farm earnings	Thousands of dollars	24025	16843	12236	15966	24339	21914	14909	7026	582	3211	14898	20941	25027	29261	29216	28900	37756	24440	31303
 37161	Rutherford, NC	5.0	CAINC5N	81.0	111-112	 Farm earnings	Thousands of dollars	1683	57	138	-1444	2118	-397	-653	-1999	-430	1583	2193	5045	12544	18845	15877	12338	15445	10495	8687
 37163	Sampson, NC	5.0	CAINC5N	81.0	111-112	 Farm earnings	Thousands of dollars	201379	117143	143670	207210	271542	199789	184572	195633	205244	251229	224216	257630	338295	366865	281335	189794	244484	126105	140846
 37165	Scotland, NC	5.0	CAINC5N	81.0	111-112	 Farm earnings	Thousands of dollars	17394	4995	3387	25923	45175	35371	20270	20751	34869	31728	8184	4970	16589	18575	24747	21931	30888	23118	21147
 37167	Stanly, NC	5.0	CAINC5N	81.0	111-112	 Farm earnings	Thousands of dollars	26121	6969	10615	16479	36742	26126	22299	4386	1054	9013	14288	16112	31967	25603	22431	15459	22447	14457	16817
 37169	Stokes, NC	5.0	CAINC5N	81.0	111-112	 Farm earnings	Thousands of dollars	17117	7521	9583	16033	5363	5275	8691	11465	9581	7938	3688	6359	7343	13832	17220	11528	18186	8351	7267
 37171	Surry, NC	5.0	CAINC5N	81.0	111-112	 Farm earnings	Thousands of dollars	45993	26398	18787	28939	39882	29153	29361	20586	17787	20078	10810	18728	24240	48228	60567	48478	53579	26915	19766
 37173	Swain, NC	5.0	CAINC5N	81.0	111-112	 Farm earnings	Thousands of dollars	767	501	1012	1472	2510	2375	1600	893	805	465	338	291	2517	1291	1204	1790	1665	634	1295
 37175	Transylvania, NC	5.0	CAINC5N	81.0	111-112	 Farm earnings	Thousands of dollars	14973	10046	8985	8960	15829	14989	4876	7379	10267	8866	7767	9555	7562	6434	5079	4653	3956	2933	4512
 37177	Tyrrell, NC	5.0	CAINC5N	81.0	111-112	 Farm earnings	Thousands of dollars	12126	6995	5108	10491	12556	11351	8989	4862	-602	1651	9854	16024	22676	18279	7335	12860	16914	6708	12623
 37179	Union, NC	5.0	CAINC5N	81.0	111-112	 Farm earnings	Thousands of dollars	108244	30919	43503	79318	117667	114882	97762	35274	52497	56844	27528	71838	99369	113778	141328	94704	114275	76798	65306
 37181	Vance, NC	5.0	CAINC5N	81.0	111-112	 Farm earnings	Thousands of dollars	11222	5418	14491	26630	15951	26272	32579	49078	41834	22506	14945	10644	6942	7387	2674	176	-276	-5321	-4543
 37183	Wake, NC	5.0	CAINC5N	81.0	111-112	 Farm earnings	Thousands of dollars	56220	35339	29757	35376	29764	24059	22271	34414	38640	32883	24875	37216	39003	47541	48923	53139	63112	45025	54602
 37185	Warren, NC	5.0	CAINC5N	81.0	111-112	 Farm earnings	Thousands of dollars	20485	5029	7418	20649	18648	16086	11446	17053	11641	8678	12073	15831	13876	16655	5427	1434	1042	-6917	-4325
 37187	Washington, NC	5.0	CAINC5N	81.0	111-112	 Farm earnings	Thousands of dollars	18393	5020	10112	18658	18797	13146	12159	16390	13994	11038	6219	20481	16700	2943	-409	3321	3220	-3341	2471
 37189	Watauga, NC	5.0	CAINC5N	81.0	111-112	 Farm earnings	Thousands of dollars	14673	11364	16125	14216	17641	11750	5926	-3335	-4598	-4502	-2683	5503	1588	3045	3220	696	1879	-345	94
 37191	Wayne, NC	5.0	CAINC5N	81.0	111-112	 Farm earnings	Thousands of dollars	56717	36721	16096	34250	56820	37307	69496	106538	92346	110379	101431	141260	170928	183521	144972	100401	128089	74325	79200
 37193	Wilkes, NC	5.0	CAINC5N	81.0	111-112	 Farm earnings	Thousands of dollars	92928	49904	29250	81893	118721	102349	79605	7883	9992	28194	2305	17972	40132	67697	104663	62756	78103	53160	31511
 37195	Wilson, NC	5.0	CAINC5N	81.0	111-112	 Farm earnings	Thousands of dollars	55359	28843	29037	37692	57305	62249	54284	63188	69580	50303	48775	60413	56650	60475	53935	45567	50971	23035	35489
 37197	Yadkin, NC	5.0	CAINC5N	81.0	111-112	 Farm earnings	Thousands of dollars	27374	14656	17637	33346	43025	36139	31906	27869	31133	25711	12168	22322	35571	44672	42362	30776	31902	10454	11430
 37199	Yancey, NC	5.0	CAINC5N	81.0	111-112	 Farm earnings	Thousands of dollars	5925	1164	1331	3896	9237	5251	1965	1685	3521	4599	5951	8868	7821	6099	4823	3365	2900	1774	2668
