,GeoFIPS,GeoName,Region,TableName,LineCode,IndustryClassification,Description,Unit,2001,2002,2003,2004,2005,2006,2007,2008,2009,2010,2011,2012,2013,2014,2015,2016,2017,2018
0,37000,North Carolina,5.0,CAINC5N,81.0,111-112, Farm earnings,Thousands of dollars,3122222,1514875,1595170,2374414,3208411,2606730,2293231,2242865,2268739,2398986,2062732,2890330,3413284,3693704,3093438,2523471,3259715,2227657
1,37001,"Alamance, NC",5.0,CAINC5N,81.0,111-112, Farm earnings,Thousands of dollars,16481,5171,10726,11196,14720,12589,11611,5659,2932,2605,-534,5692,4504,7897,3912,442,1806,-3133
2,37003,"Alexander, NC",5.0,CAINC5N,81.0,111-112, Farm earnings,Thousands of dollars,29093,14444,20658,25707,40924,36099,28358,4223,19830,22942,4030,14206,49615,80048,86564,57375,70538,62031
3,37005,"Alleghany, NC",5.0,CAINC5N,81.0,111-112, Farm earnings,Thousands of dollars,28688,23930,24847,24656,26256,15168,16718,15920,19030,16988,16086,15412,13498,19880,21222,15196,17098,10825
4,37007,"Anson, NC",5.0,CAINC5N,81.0,111-112, Farm earnings,Thousands of dollars,50319,18226,14959,24908,24384,32804,27688,13744,15602,27468,18315,32726,45706,60829,66118,43591,60054,53551
5,37009,"Ashe, NC",5.0,CAINC5N,81.0,111-112, Farm earnings,Thousands of dollars,35533,25528,24258,24983,18323,23265,21853,16694,27997,28887,26447,35793,37982,42229,45979,40924,44286,36642
6,37011,"Avery, NC",5.0,CAINC5N,81.0,111-112, Farm earnings,Thousands of dollars,35469,28059,20153,18805,25137,8851,13854,8499,14134,13730,12737,16927,10901,12267,12718,14139,13908,11675
7,37013,"Beaufort, NC",5.0,CAINC5N,81.0,111-112, Farm earnings,Thousands of dollars,35665,8199,20452,29692,48933,32407,28612,35912,33950,25597,26438,56035,50588,18698,747,6460,9901,2244
8,37015,"Bertie, NC",5.0,CAINC5N,81.0,111-112, Farm earnings,Thousands of dollars,35088,16838,21572,20753,22354,15406,26722,30802,35002,31160,13234,34499,32475,22035,15529,7421,18610,10357
9,37017,"Bladen, NC",5.0,CAINC5N,81.0,111-112, Farm earnings,Thousands of dollars,64567,20222,40085,67439,65728,42532,48084,72318,72019,95824,90052,85752,113026,107500,79794,71805,100125,57228
10,37019,"Brunswick, NC",5.0,CAINC5N,81.0,111-112, Farm earnings,Thousands of dollars,13164,8156,7484,8971,10504,10932,10872,10127,11652,11883,12974,21270,35812,38591,31116,28575,33377,24505
11,37021,"Buncombe, NC",5.0,CAINC5N,81.0,111-112, Farm earnings,Thousands of dollars,17707,4947,12466,20908,30033,38865,16940,23141,23600,19666,22055,20837,28374,36375,43442,36735,39727,34449
12,37023,"Burke, NC",5.0,CAINC5N,81.0,111-112, Farm earnings,Thousands of dollars,29090,24295,17233,15604,20249,16612,12788,6378,7107,6531,3783,8023,13480,18367,21744,17423,18275,18105
13,37025,"Cabarrus, NC",5.0,CAINC5N,81.0,111-112, Farm earnings,Thousands of dollars,15477,7510,6655,11232,12305,14505,12374,7700,5177,5755,5312,12703,21554,28924,29524,23039,28005,21600
14,37027,"Caldwell, NC",5.0,CAINC5N,81.0,111-112, Farm earnings,Thousands of dollars,20128,11742,11663,15372,20317,20988,8061,7505,7672,7749,6445,7872,5269,8427,7288,7309,6018,4926
15,37029,"Camden, NC",5.0,CAINC5N,81.0,111-112, Farm earnings,Thousands of dollars,6263,4993,5812,3884,10302,4923,6733,7097,7088,3736,8567,12459,10485,2787,2945,3566,3331,2908
16,37031,"Carteret, NC",5.0,CAINC5N,81.0,111-112, Farm earnings,Thousands of dollars,2707,1925,2703,1800,1597,2764,3589,20162,25703,32178,38783,7841,14070,3972,2276,2742,3201,5080
17,37033,"Caswell, NC",5.0,CAINC5N,81.0,111-112, Farm earnings,Thousands of dollars,13166,9880,10964,13507,7446,8948,9459,18632,18070,15952,6502,16401,28930,42436,36084,27880,31643,21716
18,37035,"Catawba, NC",5.0,CAINC5N,81.0,111-112, Farm earnings,Thousands of dollars,13965,3763,6792,8822,18743,15261,8868,6129,13931,14546,5841,10958,27305,32058,34354,27504,33143,30275
19,37037,"Chatham, NC",5.0,CAINC5N,81.0,111-112, Farm earnings,Thousands of dollars,64844,22551,29824,38248,43070,37926,34535,-282,10210,20008,532,15180,17845,35230,40081,23080,32299,18019
20,37039,"Cherokee, NC",5.0,CAINC5N,81.0,111-112, Farm earnings,Thousands of dollars,4220,1548,1283,3246,7014,6111,3533,5362,6038,5645,5645,5577,11036,18227,19240,14009,13470,11499
21,37041,"Chowan, NC",5.0,CAINC5N,81.0,111-112, Farm earnings,Thousands of dollars,33124,21574,20305,22196,38148,26612,16941,6761,11436,2146,14372,16125,13389,2192,2457,2519,3860,2479
22,37043,"Clay, NC",5.0,CAINC5N,81.0,111-112, Farm earnings,Thousands of dollars,783,201,433,636,1054,274,122,-382,-1369,-2893,-3038,-3583,-478,-2038,-2524,-2742,-3225,-4285
23,37045,"Cleveland, NC",5.0,CAINC5N,81.0,111-112, Farm earnings,Thousands of dollars,20368,7225,1740,19288,31178,13583,14516,4009,5261,9291,-1215,7467,20784,31549,34487,22132,31596,30432
24,37047,"Columbus, NC",5.0,CAINC5N,81.0,111-112, Farm earnings,Thousands of dollars,59520,16266,17547,24595,55975,37159,25854,49462,30589,43122,44018,55638,62427,29865,4896,13251,27579,3701
25,37049,"Craven, NC",5.0,CAINC5N,81.0,111-112, Farm earnings,Thousands of dollars,37392,13611,17454,28892,44710,31985,11963,24117,20949,17909,13421,21611,16772,5289,-1832,-973,3537,-95
26,37051,"Cumberland, NC",5.0,CAINC5N,81.0,111-112, Farm earnings,Thousands of dollars,25087,2050,1454,22605,19947,38911,17280,25664,19403,18773,21788,33660,30753,31915,15715,14585,22542,12184
27,37053,"Currituck, NC",5.0,CAINC5N,81.0,111-112, Farm earnings,Thousands of dollars,1911,-394,2294,3707,9186,8201,4092,6562,1486,537,4914,6313,5907,-1717,-2272,-2706,-2003,-3178
28,37055,"Dare, NC",5.0,CAINC5N,81.0,111-112, Farm earnings,Thousands of dollars,0,0,0,0,0,0,0,0,0,0,0,0,0,0,0,0,0,0
29,37057,"Davidson, NC",5.0,CAINC5N,81.0,111-112, Farm earnings,Thousands of dollars,6845,2105,3404,4549,8538,8148,9468,8008,4815,9958,9431,16251,15875,19458,17541,16994,19465,13225
30,37059,"Davie, NC",5.0,CAINC5N,81.0,111-112, Farm earnings,Thousands of dollars,5947,2058,1866,5798,10120,8300,3727,8552,1308,744,3377,4869,2079,2125,718,-379,1205,-1603
31,37061,"Duplin, NC",5.0,CAINC5N,81.0,111-112, Farm earnings,Thousands of dollars,167129,77068,76609,120767,158458,137838,177633,230515,216411,289218,223225,261026,311573,312378,246300,190170,258692,163149
32,37063,"Durham, NC",5.0,CAINC5N,81.0,111-112, Farm earnings,Thousands of dollars,5500,3589,4173,6055,9538,9329,13276,14439,11854,8940,7685,8981,9682,9702,9789,9414,11085,8687
33,37065,"Edgecombe, NC",5.0,CAINC5N,81.0,111-112, Farm earnings,Thousands of dollars,60230,24912,30524,38953,55772,40825,21445,30392,36287,31503,34352,39161,14329,-1512,-5717,874,5379,-8038
34,37067,"Forsyth, NC",5.0,CAINC5N,81.0,111-112, Farm earnings,Thousands of dollars,4523,3556,4161,3922,3688,3101,4985,10161,10804,7543,8601,15558,10322,12031,10023,11587,15299,9637
35,37069,"Franklin, NC",5.0,CAINC5N,81.0,111-112, Farm earnings,Thousands of dollars,35957,12096,11043,23986,13839,14561,16340,27988,25651,12889,18509,32849,34129,45616,40760,34414,39753,30183
36,37071,"Gaston, NC",5.0,CAINC5N,81.0,111-112, Farm earnings,Thousands of dollars,10613,5367,3327,6487,11642,7746,2713,1294,1031,1764,694,1051,-901,-291,-386,-591,639,-762
37,37073,"Gates, NC",5.0,CAINC5N,81.0,111-112, Farm earnings,Thousands of dollars,16864,9975,18340,17278,25071,19773,13680,5394,6647,6843,8392,11449,8343,-5816,-7942,-5236,2493,-6120
38,37075,"Graham, NC",5.0,CAINC5N,81.0,111-112, Farm earnings,Thousands of dollars,732,254,279,325,970,616,469,1741,1912,1399,1538,1474,2346,2665,2214,1890,1896,1640
39,37077,"Granville, NC",5.0,CAINC5N,81.0,111-112, Farm earnings,Thousands of dollars,19221,9814,11614,17928,12405,12165,5459,17580,15558,13275,9228,15490,9996,17535,11121,11777,14077,6519
40,37079,"Greene, NC",5.0,CAINC5N,81.0,111-112, Farm earnings,Thousands of dollars,44311,15741,18282,25814,26085,22368,24094,28023,34003,42455,50511,61064,92955,94386,69968,59290,77544,53201
41,37081,"Guilford, NC",5.0,CAINC5N,81.0,111-112, Farm earnings,Thousands of dollars,37365,19192,18221,24986,31166,29712,19317,24408,22382,20717,20346,29281,30607,42358,37282,31164,38153,23349
42,37083,"Halifax, NC",5.0,CAINC5N,81.0,111-112, Farm earnings,Thousands of dollars,40929,19531,28532,37588,52966,38554,32865,15063,10884,12695,30119,22978,16310,-13698,-24682,-18865,-4026,-19388
43,37085,"Harnett, NC",5.0,CAINC5N,81.0,111-112, Farm earnings,Thousands of dollars,53433,22447,11195,43289,84789,73466,31942,53781,45413,36588,14095,30909,29981,47969,32328,23833,37123,34359
44,37087,"Haywood, NC",5.0,CAINC5N,81.0,111-112, Farm earnings,Thousands of dollars,10963,6012,7265,6870,9913,6244,7382,7509,4802,4153,4979,3304,1188,1098,617,1292,770,-984
45,37089,"Henderson, NC",5.0,CAINC5N,81.0,111-112, Farm earnings,Thousands of dollars,57228,43968,43909,42475,66888,64217,29732,38237,45025,38528,35308,32457,20005,24350,27999,30921,31636,23540
46,37091,"Hertford, NC",5.0,CAINC5N,81.0,111-112, Farm earnings,Thousands of dollars,29534,24726,19171,26761,33252,20447,19974,10823,10923,9728,332,19347,28916,20796,20464,21081,28700,11277
47,37093,"Hoke, NC",5.0,CAINC5N,81.0,111-112, Farm earnings,Thousands of dollars,19574,6789,6041,17249,18673,16485,8998,14088,11993,18824,21163,24387,36099,31757,21443,21945,35217,21786
48,37095,"Hyde, NC",5.0,CAINC5N,81.0,111-112, Farm earnings,Thousands of dollars,13908,9521,14862,16030,27777,20505,31549,2132,3170,-11306,-2406,29412,48805,50916,49668,32765,39514,36269
49,37097,"Iredell, NC",5.0,CAINC5N,81.0,111-112, Farm earnings,Thousands of dollars,64559,47107,66535,57004,57141,41362,35806,22365,3863,11041,27633,33605,31478,57113,44960,30778,44152,23394
50,37099,"Jackson, NC",5.0,CAINC5N,81.0,111-112, Farm earnings,Thousands of dollars,8294,5072,5940,9550,12330,10920,14177,11082,8799,6865,5337,4240,3600,3807,4125,4443,4753,3870
51,37101,"Johnston, NC",5.0,CAINC5N,81.0,111-112, Farm earnings,Thousands of dollars,98866,29686,27226,54423,69134,58010,49246,59498,65950,55269,61649,64950,48581,67524,42728,48291,62838,33412
52,37103,"Jones, NC",5.0,CAINC5N,81.0,111-112, Farm earnings,Thousands of dollars,34581,10685,5859,21468,34765,22842,20014,10346,14206,28002,32667,44317,36094,27787,10605,15011,17957,4864
53,37105,"Lee, NC",5.0,CAINC5N,81.0,111-112, Farm earnings,Thousands of dollars,16121,8787,6775,11657,20334,13707,14067,10583,6094,3809,-1155,7670,7358,11848,8465,9120,12860,6655
54,37107,"Lenoir, NC",5.0,CAINC5N,81.0,111-112, Farm earnings,Thousands of dollars,25087,14305,11595,8693,18503,10377,35234,48223,46505,47915,68959,95569,65148,75146,47989,35970,53811,28328
55,37109,"Lincoln, NC",5.0,CAINC5N,81.0,111-112, Farm earnings,Thousands of dollars,7868,6710,5971,8677,10435,8291,6857,3982,528,1608,2680,3946,28617,32433,31636,25790,30475,24347
56,37111,"McDowell, NC",5.0,CAINC5N,81.0,111-112, Farm earnings,Thousands of dollars,19906,14737,11618,9892,13651,13637,9632,9022,10648,8806,6070,8229,6455,7760,11064,9153,9529,7936
57,37113,"Macon, NC",5.0,CAINC5N,81.0,111-112, Farm earnings,Thousands of dollars,4326,2888,2242,1846,2525,1980,1493,4141,4679,3600,3510,3428,3529,4004,5408,3251,3241,2454
58,37115,"Madison, NC",5.0,CAINC5N,81.0,111-112, Farm earnings,Thousands of dollars,8109,2971,2976,4987,9519,3326,2324,2023,1998,2275,2638,2857,2941,2146,1223,2099,2950,1247
59,37117,"Martin, NC",5.0,CAINC5N,81.0,111-112, Farm earnings,Thousands of dollars,16368,6223,16282,19624,35018,23216,16567,13527,22080,19085,12795,36163,10247,8145,6878,8153,5581,1370
60,37119,"Mecklenburg, NC",5.0,CAINC5N,81.0,111-112, Farm earnings,Thousands of dollars,53081,44116,30344,23285,21979,26867,33432,27535,36851,37777,35902,59815,60105,56263,84691,67788,69121,64386
61,37121,"Mitchell, NC",5.0,CAINC5N,81.0,111-112, Farm earnings,Thousands of dollars,5514,3214,2673,2867,4824,425,2290,-1259,1651,1567,1079,1072,33,1064,-253,790,-198,-265
62,37123,"Montgomery, NC",5.0,CAINC5N,81.0,111-112, Farm earnings,Thousands of dollars,35670,22230,18980,19459,31814,26091,19814,3240,5028,8413,-969,8607,29409,41887,42564,31167,38113,34751
63,37125,"Moore, NC",5.0,CAINC5N,81.0,111-112, Farm earnings,Thousands of dollars,57415,25249,13402,32201,68402,26036,34692,17935,22575,35407,23308,44000,50296,66858,53764,48674,62642,50901
64,37127,"Nash, NC",5.0,CAINC5N,81.0,111-112, Farm earnings,Thousands of dollars,51857,23676,19717,38695,51779,41675,41919,49339,52784,38677,34469,36290,26289,39244,26407,26644,35681,12442
65,37129,"New Hanover, NC",5.0,CAINC5N,81.0,111-112, Farm earnings,Thousands of dollars,3323,1878,1812,1984,2682,3399,1797,1587,2003,2244,2355,3523,6065,5155,6457,5889,6183,5532
66,37131,"Northampton, NC",5.0,CAINC5N,81.0,111-112, Farm earnings,Thousands of dollars,49299,17418,39417,44350,62029,45045,27633,10426,16338,3788,19914,28579,16894,-5134,-10986,-7757,4575,-6932
67,37133,"Onslow, NC",5.0,CAINC5N,81.0,111-112, Farm earnings,Thousands of dollars,35247,12987,6990,11467,27398,8549,22740,38670,34652,56648,49746,67420,134517,138405,115903,92539,115973,114157
68,37135,"Orange, NC",5.0,CAINC5N,81.0,111-112, Farm earnings,Thousands of dollars,19800,11993,11319,15053,18364,18013,13263,20452,17346,16260,11898,16117,20473,27072,24662,21366,25426,18353
69,37137,"Pamlico, NC",5.0,CAINC5N,81.0,111-112, Farm earnings,Thousands of dollars,8109,4447,5419,5302,12860,9074,9369,8769,6801,7088,10856,12592,19029,12854,4256,5067,6464,6348
70,37139,"Pasquotank, NC",5.0,CAINC5N,81.0,111-112, Farm earnings,Thousands of dollars,18003,10576,16025,16399,33090,28971,20259,6934,2877,1703,6583,16825,22841,13685,3648,9640,13574,2353
71,37141,"Pender, NC",5.0,CAINC5N,81.0,111-112, Farm earnings,Thousands of dollars,35652,15479,9975,27633,40134,24894,39410,50507,49636,56054,40644,45193,60264,54130,45511,50406,61429,39831
72,37143,"Perquimans, NC",5.0,CAINC5N,81.0,111-112, Farm earnings,Thousands of dollars,21183,6323,14409,15166,32547,30706,18448,14832,12857,11957,17485,22793,33436,13066,725,2595,9602,2887
73,37145,"Person, NC",5.0,CAINC5N,81.0,111-112, Farm earnings,Thousands of dollars,6500,451,1500,8775,3858,8601,5854,15545,10274,8574,7298,16084,14524,27052,19772,14383,16812,5750
74,37147,"Pitt, NC",5.0,CAINC5N,81.0,111-112, Farm earnings,Thousands of dollars,29737,16563,20802,27778,25669,26185,33327,41823,44732,40630,42821,64263,83459,59940,38400,43513,53512,34630
75,37149,"Polk, NC",5.0,CAINC5N,81.0,111-112, Farm earnings,Thousands of dollars,3359,1779,3917,6118,6412,8236,9111,16918,9053,6956,5614,3795,9311,11101,10965,9853,10736,8496
76,37151,"Randolph, NC",5.0,CAINC5N,81.0,111-112, Farm earnings,Thousands of dollars,78425,35549,44309,58163,69206,64917,52398,14129,30800,41269,6594,31243,65261,91949,92198,73920,87907,65356
77,37153,"Richmond, NC",5.0,CAINC5N,81.0,111-112, Farm earnings,Thousands of dollars,33100,19044,6819,29432,40669,28649,21098,2548,11566,22199,7485,18497,41486,57115,58406,44487,59735,58490
78,37155,"Robeson, NC",5.0,CAINC5N,81.0,111-112, Farm earnings,Thousands of dollars,72523,20463,21429,51143,67953,53961,42164,77794,73857,63423,41053,69394,81433,57052,31422,30320,59102,29758
79,37157,"Rockingham, NC",5.0,CAINC5N,81.0,111-112, Farm earnings,Thousands of dollars,20597,9243,9981,16608,13668,15251,7415,21287,16599,13489,9008,16559,8774,13399,9975,9443,13073,6342
80,37159,"Rowan, NC",5.0,CAINC5N,81.0,111-112, Farm earnings,Thousands of dollars,24025,16843,12236,15966,24339,21914,14909,7026,582,3211,14898,20941,35272,32385,30202,29907,36237,25037
81,37161,"Rutherford, NC",5.0,CAINC5N,81.0,111-112, Farm earnings,Thousands of dollars,1683,57,138,-1444,2118,-397,-653,-1999,-430,1583,2193,5045,10925,16031,9678,7978,10471,8565
82,37163,"Sampson, NC",5.0,CAINC5N,81.0,111-112, Farm earnings,Thousands of dollars,201379,117143,143670,207210,271542,199789,184572,195633,205244,251229,224216,257630,348092,387364,330229,267968,312743,211680
83,37165,"Scotland, NC",5.0,CAINC5N,81.0,111-112, Farm earnings,Thousands of dollars,17394,4995,3387,25923,45175,35371,20270,20751,34869,31728,8184,4970,20676,16844,11688,10069,15211,11865
84,37167,"Stanly, NC",5.0,CAINC5N,81.0,111-112, Farm earnings,Thousands of dollars,26121,6969,10615,16479,36742,26126,22299,4386,1054,9013,14288,16112,25592,27013,14762,6314,19656,9733
85,37169,"Stokes, NC",5.0,CAINC5N,81.0,111-112, Farm earnings,Thousands of dollars,17117,7521,9583,16033,5363,5275,8691,11465,9581,7938,3688,6359,5482,18396,18929,6910,10755,3319
86,37171,"Surry, NC",5.0,CAINC5N,81.0,111-112, Farm earnings,Thousands of dollars,45993,26398,18787,28939,39882,29153,29361,20586,17787,20078,10810,18728,59071,86421,79222,61983,64534,48686
87,37173,"Swain, NC",5.0,CAINC5N,81.0,111-112, Farm earnings,Thousands of dollars,767,501,1012,1472,2510,2375,1600,893,805,465,338,291,2193,758,397,148,141,20
88,37175,"Transylvania, NC",5.0,CAINC5N,81.0,111-112, Farm earnings,Thousands of dollars,14973,10046,8985,8960,15829,14989,4876,7379,10267,8866,7767,9555,19549,20005,23059,19274,19794,19080
89,37177,"Tyrrell, NC",5.0,CAINC5N,81.0,111-112, Farm earnings,Thousands of dollars,12126,6995,5108,10491,12556,11351,8989,4862,-602,1651,9854,16024,20382,14378,8489,9048,6282,1574
90,37179,"Union, NC",5.0,CAINC5N,81.0,111-112, Farm earnings,Thousands of dollars,108244,30919,43503,79318,117667,114882,97762,35274,52497,56844,27528,71838,64091,101046,112206,69681,103266,91368
91,37181,"Vance, NC",5.0,CAINC5N,81.0,111-112, Farm earnings,Thousands of dollars,11222,5418,14491,26630,15951,26272,32579,49078,41834,22506,14945,10644,7055,11213,7524,5858,6976,2418
92,37183,"Wake, NC",5.0,CAINC5N,81.0,111-112, Farm earnings,Thousands of dollars,56220,35339,29757,35376,29764,24059,22271,34414,38640,32883,24875,37216,24890,33951,30922,30210,32189,21463
93,37185,"Warren, NC",5.0,CAINC5N,81.0,111-112, Farm earnings,Thousands of dollars,20485,5029,7418,20649,18648,16086,11446,17053,11641,8678,12073,15831,14795,20845,12382,9480,11032,8929
94,37187,"Washington, NC",5.0,CAINC5N,81.0,111-112, Farm earnings,Thousands of dollars,18393,5020,10112,18658,18797,13146,12159,16390,13994,11038,6219,20481,12320,611,-5150,802,-699,-5500
95,37189,"Watauga, NC",5.0,CAINC5N,81.0,111-112, Farm earnings,Thousands of dollars,14673,11364,16125,14216,17641,11750,5926,-3335,-4598,-4502,-2683,5503,8864,13656,15484,8844,10680,6744
96,37191,"Wayne, NC",5.0,CAINC5N,81.0,111-112, Farm earnings,Thousands of dollars,56717,36721,16096,34250,56820,37307,69496,106538,92346,110379,101431,141260,163800,204090,165936,110408,148599,98355
97,37193,"Wilkes, NC",5.0,CAINC5N,81.0,111-112, Farm earnings,Thousands of dollars,92928,49904,29250,81893,118721,102349,79605,7883,9992,28194,2305,17972,17902,39726,47238,23906,42244,31498
98,37195,"Wilson, NC",5.0,CAINC5N,81.0,111-112, Farm earnings,Thousands of dollars,55359,28843,29037,37692,57305,62249,54284,63188,69580,50303,48775,60413,41166,62653,47704,49315,53738,42450
99,37197,"Yadkin, NC",5.0,CAINC5N,81.0,111-112, Farm earnings,Thousands of dollars,27374,14656,17637,33346,43025,36139,31906,27869,31133,25711,12168,22322,28971,48850,38424,22701,28134,13396
100,37199,"Yancey, NC",5.0,CAINC5N,81.0,111-112, Farm earnings,Thousands of dollars,5925,1164,1331,3896,9237,5251,1965,1685,3521,4599,5951,8868,9601,9943,9433,10260,12808,9868
